# gitter v1.0.3 data file generated on Wed Feb 25 11:24:02 2015
# Warning possible misgridding: high count of small colony sizes, high count of low colony circularity
# Flags: S - Colony spill or edge interference, C - Low colony circularity
# row	col	size	circularity	flags
1	1	1506	0.8964	
1	2	1207	0.8831	
1	3	1387	0.9046	
1	4	957	0.9107	
1	5	1774	0.8413	
1	6	626	0.8979	
1	7	998	0.9047	
1	8	954	0.8562	
1	9	1279	0.8383	
1	10	1127	0.8591	
1	11	1306	0.8706	
1	12	1271	0.8431	
1	13	1222	0.8941	
1	14	1407	0.8711	
1	15	513	0.8562	
1	16	792	0.8177	
1	17	875	0.8499	
1	18	1186	0.8868	
1	19	1091	0.9214	
1	20	921	0.8553	
1	21	1013	0.8416	
1	22	1045	0.8707	
1	23	1204	0.8922	
1	24	744	0.8972	
1	25	343	0.814	
1	26	835	0.8493	
1	27	1228	0.864	
1	28	1302	0.8462	
1	29	0	NA	
1	30	5	0.7355	
1	31	1571	0.8968	
1	32	1434	0.8451	
1	33	2	25.1327	
1	34	4	1.078	
1	35	1453	0.9331	
1	36	1190	0.7661	
1	37	1287	0.8549	
1	38	1373	0.9153	
1	39	196	0.7842	
1	40	435	0.9689	S
1	41	1193	0.9118	
1	42	971	0.8644	
1	43	1209	0.7584	
1	44	1782	0.8929	
1	45	0	NA	
1	46	0	NA	
1	47	92	0.7612	
1	48	81	0.8051	
2	1	1319	0.8697	
2	2	1152	0.9206	
2	3	650	0.855	
2	4	1258	0.8051	
2	5	328	0.8527	
2	6	474	0.7911	
2	7	903	0.8209	
2	8	706	0.8814	
2	9	1608	0.8506	
2	10	845	0.8293	
2	11	1304	0.8589	
2	12	664	0.8822	
2	13	1144	0.8906	
2	14	1014	0.8019	
2	15	131	0.7385	
2	16	688	0.8806	
2	17	973	0.8748	
2	18	690	0.7993	
2	19	927	0.8837	
2	20	1090	0.8759	
2	21	1167	0.8593	
2	22	831	0.8671	
2	23	1540	0.8035	
2	24	895	0.9008	
2	25	1424	0.8047	
2	26	506	0.9098	
2	27	704	0.8353	
2	28	1093	0.8509	
2	29	4	1.078	
2	30	9	1.2128	
2	31	1181	0.8686	
2	32	1189	0.8546	
2	33	0	NA	
2	34	0	NA	
2	35	2002	0.8363	
2	36	1119	0.9286	
2	37	1047	0.9139	
2	38	910	0.8624	
2	39	1060	0.8714	
2	40	130	0.9538	
2	41	864	0.8696	
2	42	595	0.9386	
2	43	382	0.8007	
2	44	1088	0.8979	
2	45	0	NA	
2	46	0	NA	
2	47	245	0.9294	S
2	48	119	0.7795	
3	1	344	0.9205	
3	2	185	0.8263	
3	3	41	0.5231	C
3	4	123	0.7702	
3	5	611	0.8462	
3	6	986	0.9028	
3	7	0	NA	
3	8	0	NA	
3	9	894	0.9065	
3	10	887	0.8237	
3	11	7	0.9433	
3	12	0	NA	
3	13	13	0.8759	
3	14	394	0.9056	
3	15	899	0.8116	
3	16	202	0.8357	
3	17	0	NA	
3	18	4	1.078	
3	19	593	0.8113	
3	20	480	0.6239	
3	21	562	0.8591	
3	22	468	0.878	
3	23	1062	0.7983	
3	24	1070	0.8375	
3	25	773	0.8368	
3	26	63	0.5846	C
3	27	50	1.078	
3	28	456	0.8731	
3	29	23	0.4662	C
3	30	1472	0.7882	
3	31	555	0.792	
3	32	1253	0.7458	
3	33	56	0.657	
3	34	24	0.7187	
3	35	464	0.934	
3	36	592	0.7515	
3	37	1272	0.8918	
3	38	580	0.6231	
3	39	16	0.6576	
3	40	287	0.7551	
3	41	1271	0.877	
3	42	978	0.7889	
3	43	1720	0.8415	
3	44	54	0.8085	
3	45	0	NA	
3	46	46	0.9021	
3	47	43	0.4919	C
3	48	103	0.7066	
4	1	2078	0.874	
4	2	188	0.8193	
4	3	138	0.8268	
4	4	257	0.9507	
4	5	1088	0.7675	
4	6	903	0.8901	
4	7	2	25.1327	
4	8	0	NA	
4	9	1581	0.8747	
4	10	199	0.8563	
4	11	0	NA	
4	12	12	0.8826	
4	13	1136	0.8418	
4	14	157	1.0015	
4	15	879	0.6906	
4	16	826	0.904	
4	17	0	NA	
4	18	0	NA	
4	19	571	0.8617	
4	20	345	0.8242	
4	21	1056	0.9218	
4	22	926	0.9088	
4	23	799	0.79	
4	24	1139	0.7847	
4	25	266	0.9379	
4	26	10	0.9248	
4	27	170	0.935	
4	28	54	0.588	C
4	29	16	0.6275	
4	30	2996	0.7912	
4	31	1001	0.7524	
4	32	1012	0.6461	
4	33	57	1.0481	
4	34	30	0.2504	C
4	35	1004	0.8286	
4	36	539	0.8582	
4	37	1333	0.8842	
4	38	1477	0.8119	
4	39	764	0.8547	
4	40	50	0.7934	
4	41	799	0.908	
4	42	564	0.8358	
4	43	48	0.8443	
4	44	409	0.8816	S
4	45	0	NA	
4	46	14	0.3668	C
4	47	501	0.8833	
4	48	1628	0.8367	
5	1	1008	0.91	
5	2	801	0.9397	
5	3	690	0.9392	
5	4	384	0.8405	
5	5	578	0.8206	
5	6	1170	0.8326	
5	7	685	0.7359	
5	8	975	0.8838	
5	9	1044	0.8257	
5	10	303	0.9214	
5	11	570	0.8991	
5	12	203	0.9953	
5	13	408	0.9029	
5	14	290	0.8982	
5	15	1	Inf	
5	16	0	NA	
5	17	0	NA	
5	18	0	NA	
5	19	773	0.6767	
5	20	1527	0.8356	
5	21	507	0.7692	
5	22	719	0.867	
5	23	0	NA	
5	24	0	NA	
5	25	670	0.8365	
5	26	479	0.8912	
5	27	0	NA	
5	28	0	NA	
5	29	178	0.7828	
5	30	614	0.8345	
5	31	821	0.6953	
5	32	901	0.8477	
5	33	36	0.706	
5	34	90	0.4817	C
5	35	40	0.5821	C
5	36	19	0.4795	C
5	37	762	0.7348	
5	38	718	0.604	
5	39	39	0.7648	
5	40	515	0.8976	
5	41	59	0.6922	
5	42	1000	0.8111	
5	43	25	0.578	C
5	44	2969	0.6131	
5	45	26	0.7192	
5	46	2131	0.8187	
5	47	65	0.7514	
5	48	198	0.802	
6	1	950	0.8626	
6	2	606	0.7983	
6	3	339	0.939	
6	4	51	0.4486	C
6	5	439	0.8168	
6	6	611	0.9269	
6	7	1133	0.6297	
6	8	847	0.8745	
6	9	970	0.8829	
6	10	683	0.7676	
6	11	564	0.667	
6	12	796	0.8486	
6	13	578	0.8611	
6	14	504	0.1435	C
6	15	0	NA	
6	16	0	NA	
6	17	0	NA	
6	18	0	NA	
6	19	641	0.8415	
6	20	1637	0.7796	
6	21	805	0.7983	
6	22	712	0.8685	
6	23	4	1.078	
6	24	7	0.9433	
6	25	414	0.9162	
6	26	1302	0.8533	
6	27	0	NA	
6	28	4	1.078	
6	29	608	0.797	
6	30	409	0.9706	
6	31	596	0.7851	
6	32	628	0.9477	
6	33	292	0.6897	
6	34	231	0.4851	C
6	35	6	0.4707	C
6	36	0	NA	
6	37	428	0.9126	
6	38	549	0.8547	
6	39	1461	0.5687	C
6	40	1384	0.8211	
6	41	15	0.3572	C
6	42	1714	0.5772	C
6	43	10	0.3369	C
6	44	35	0.8699	
6	45	44	0.7103	
6	46	1468	0.8212	
6	47	64	0.6133	
6	48	152	0.8658	
7	1	60	0.7861	
7	2	53	0.337	C
7	3	0	NA	
7	4	0	NA	
7	5	0	NA	
7	6	0	NA	
7	7	482	0.7789	
7	8	792	0.7854	
7	9	491	0.8373	
7	10	1418	0.7227	
7	11	1157	0.6903	
7	12	1040	0.8783	
7	13	1059	0.8253	
7	14	1597	0.8747	
7	15	2929	0.8113	
7	16	577	0.8983	
7	17	0	NA	
7	18	0	NA	
7	19	612	0.823	
7	20	754	0.8989	
7	21	224	0.9851	
7	22	203	0.7617	
7	23	31	0.5355	C
7	24	4	1.078	
7	25	0	NA	
7	26	0	NA	
7	27	673	0.8748	
7	28	1043	0.8303	
7	29	1350	0.8055	
7	30	715	0.7633	
7	31	0	NA	
7	32	1	Inf	
7	33	1084	0.6573	
7	34	872	0.4873	C
7	35	0	NA	
7	36	0	NA	
7	37	256	0.6349	
7	38	782	0.8531	
7	39	0	NA	
7	40	0	NA	
7	41	300	0.8826	
7	42	509	0.7955	
7	43	576	0.8473	
7	44	1241	0.7338	
7	45	1545	0.7336	
7	46	860	0.8529	
7	47	0	NA	
7	48	0	NA	
8	1	70	0.7193	
8	2	31	0.513	C
8	3	0	NA	
8	4	0	NA	
8	5	0	NA	
8	6	0	NA	
8	7	985	0.6573	
8	8	616	0.8637	
8	9	1190	0.803	
8	10	733	0.6598	
8	11	1238	0.7951	
8	12	954	0.5679	C
8	13	705	0.8098	
8	14	987	0.7962	
8	15	698	0.8321	
8	16	924	0.8425	
8	17	0	NA	
8	18	0	NA	
8	19	234	0.6293	
8	20	1022	0.8835	
8	21	899	0.6979	
8	22	1004	0.8299	
8	23	0	NA	
8	24	0	NA	
8	25	0	NA	
8	26	0	NA	
8	27	333	0.5679	C
8	28	829	0.6669	
8	29	803	0.8152	
8	30	978	0.6177	
8	31	4	1.078	
8	32	0	NA	
8	33	996	0.6551	
8	34	1119	0.5258	C
8	35	0	NA	
8	36	4	1.4797	
8	37	706	0.9068	
8	38	23	0.7947	
8	39	0	NA	
8	40	0	NA	
8	41	542	0.9555	
8	42	505	0.9171	
8	43	1119	0.8064	
8	44	1033	0.7794	
8	45	379	0.7517	
8	46	1733	0.5158	C
8	47	0	NA	
8	48	0	NA	
9	1	94	0.7458	
9	2	174	1.0057	
9	3	351	0.8197	
9	4	809	0.8352	
9	5	153	0.6923	
9	6	1980	0.8271	
9	7	1145	0.8947	
9	8	547	0.6816	
9	9	333	0.7417	
9	10	5	0.7355	
9	11	537	0.6604	
9	12	388	0.7076	
9	13	522	0.6682	
9	14	874	0.7758	
9	15	44	0.3068	C
9	16	46	0.3681	C
9	17	0	NA	
9	18	1	Inf	
9	19	996	0.8575	
9	20	1021	0.8053	
9	21	277	0.8468	
9	22	713	0.9203	
9	23	1060	0.8632	
9	24	1103	0.8586	
9	25	91	0.8803	
9	26	199	0.7894	
9	27	1073	0.8263	
9	28	467	0.6389	
9	29	37	0.7755	
9	30	35	0.8699	
9	31	1107	0.7627	
9	32	586	0.5794	C
9	33	11	0.7411	
9	34	1474	0.5081	C
9	35	415	0.6296	
9	36	1173	0.5401	C
9	37	145	0.832	
9	38	296	0.7604	
9	39	1138	0.5988	C
9	40	1119	0.611	
9	41	617	0.9029	
9	42	43	0.8273	
9	43	3	3.2341	
9	44	11	0.2928	C
9	45	35	0.8971	
9	46	9	1.2128	
9	47	855	0.8696	
9	48	367	0.9991	
10	1	308	0.8007	
10	2	50	0.6147	
10	3	819	0.7291	
10	4	1033	0.8478	
10	5	220	0.899	
10	6	404	0.8803	
10	7	1006	0.7463	
10	8	446	0.7711	
10	9	332	0.7079	
10	10	691	0.6853	
10	11	1265	0.742	
10	12	421	0.3374	C
10	13	881	0.6956	
10	14	34	0.6058	
10	15	130	0.4837	C
10	16	120	0.7949	
10	17	0	NA	
10	18	0	NA	
10	19	1207	0.8721	
10	20	18	0.662	
10	21	848	0.8323	
10	22	180	0.2611	C
10	23	1060	0.8448	
10	24	505	0.8831	
10	25	917	0.7714	
10	26	14	0.8385	
10	27	773	0.8406	
10	28	1288	0.694	
10	29	399	0.5365	C
10	30	33	0.6068	
10	31	1031	0.515	C
10	32	488	0.5653	C
10	33	3408	0.5759	C
10	34	15	0.562	C
10	35	703	0.5818	C
10	36	1107	0.5635	C
10	37	82	0.6243	
10	38	244	0.8674	
10	39	676	0.8981	
10	40	1237	0.507	C
10	41	33	0.726	
10	42	1149	0.9269	
10	43	0	NA	
10	44	46	0.6541	
10	45	5	6.9813	
10	46	1913	0.3928	C
10	47	954	0.8875	
10	48	229	0.6266	
11	1	1000	0.8851	
11	2	861	0.8984	
11	3	1019	0.8524	
11	4	556	0.8591	
11	5	496	0.739	
11	6	617	0.9076	
11	7	16	0.4603	C
11	8	36	0.662	
11	9	760	0.8916	
11	10	654	0.7026	
11	11	110	0.8206	
11	12	246	0.9758	
11	13	1018	0.6852	
11	14	804	0.8177	
11	15	914	0.6978	
11	16	543	0.6579	
11	17	840	0.6924	
11	18	244	0.4789	C
11	19	342	0.7568	
11	20	512	0.8682	
11	21	43	0.6186	
11	22	43	0.5287	C
11	23	494	0.9009	
11	24	1201	0.8601	
11	25	0	NA	
11	26	6	0.4707	C
11	27	1006	0.7361	
11	28	1151	0.6812	
11	29	1	Inf	
11	30	10	0.9248	
11	31	251	0.3582	C
11	32	1010	0.5752	C
11	33	880	0.4636	C
11	34	448	0.5973	C
11	35	472	0.6481	
11	36	36	0.9433	
11	37	240	0.8805	
11	38	1598	0.3881	C
11	39	564	0.8668	
11	40	1043	0.5418	C
11	41	26	0.8456	
11	42	35	0.7193	
11	43	1260	0.5285	C
11	44	1420	0.5094	C
11	45	29	0.6847	
11	46	609	0.8143	S
11	47	414	0.864	
11	48	241	0.8498	
12	1	687	0.8868	
12	2	704	0.8298	
12	3	387	0.689	
12	4	695	0.6382	
12	5	973	0.6889	
12	6	1082	0.7195	
12	7	10	0.9248	
12	8	30	0.7689	
12	9	553	0.4473	C
12	10	660	0.5124	C
12	11	173	0.8827	
12	12	699	0.5037	C
12	13	623	0.5964	C
12	14	199	0.419	C
12	15	36	0.5482	C
12	16	1403	0.7304	
12	17	570	0.6508	
12	18	433	0.6804	
12	19	300	0.7153	
12	20	387	0.8076	
12	21	40	0.3212	C
12	22	10	0.9248	
12	23	392	0.8675	
12	24	311	0.7551	
12	25	4	1.078	
12	26	6	0.4707	C
12	27	1197	0.4761	C
12	28	685	0.5122	C
12	29	5	0.7355	
12	30	2	25.1327	
12	31	306	0.5023	C
12	32	40	0.8061	
12	33	1202	0.5507	C
12	34	926	0.5912	C
12	35	41	0.682	
12	36	27	0.6711	
12	37	973	0.5231	C
12	38	1243	0.4527	C
12	39	1319	0.4976	C
12	40	1145	0.5435	C
12	41	237	0.9209	
12	42	29	0.7599	
12	43	396	0.9248	
12	44	834	0.8988	
12	45	0	NA	
12	46	660	0.8419	
12	47	52	0.8395	
12	48	1301	0.8257	
13	1	752	0.8178	
13	2	727	0.8725	
13	3	1133	0.9288	
13	4	624	0.8718	
13	5	1149	0.8354	
13	6	1042	0.3748	C
13	7	1101	0.7216	
13	8	1436	0.5886	C
13	9	336	0.8589	
13	10	679	0.4526	C
13	11	804	0.5379	C
13	12	570	0.506	C
13	13	864	0.5809	C
13	14	883	0.5937	C
13	15	2170	0.4936	C
13	16	934	0.7251	
13	17	679	0.8838	
13	18	770	0.8666	
13	19	269	0.5761	C
13	20	741	0.6027	
13	21	898	0.6414	
13	22	955	0.5518	C
13	23	686	0.5497	C
13	24	1132	0.4989	C
13	25	0	NA	
13	26	69	0.3521	C
13	27	672	0.5866	C
13	28	540	0.4215	C
13	29	843	0.4573	C
13	30	973	0.5262	C
13	31	523	0.6718	
13	32	283	0.8997	
13	33	242	0.539	C
13	34	829	0.5974	C
13	35	849	0.5344	C
13	36	913	0.5391	C
13	37	1326	0.4568	C
13	38	823	0.7408	
13	39	233	0.9323	
13	40	115	0.8968	
13	41	1542	0.3558	C
13	42	861	0.8043	
13	43	586	0.9294	
13	44	662	0.8813	
13	45	28	0.7746	
13	46	48	0.9235	
13	47	40	0.7594	
13	48	96	0.4946	C
14	1	559	0.815	
14	2	1190	0.6135	
14	3	408	0.8661	
14	4	127	1.0508	
14	5	23	0.6362	
14	6	238	0.9934	
14	7	687	0.8911	
14	8	839	0.5312	C
14	9	163	0.9256	
14	10	409	0.4603	C
14	11	953	0.6392	
14	12	1196	0.6063	
14	13	839	0.5076	C
14	14	692	0.5255	C
14	15	581	0.4547	C
14	16	902	0.2694	C
14	17	1782	0.6817	
14	18	784	0.8526	
14	19	544	0.5271	C
14	20	354	0.4214	C
14	21	1106	0.625	
14	22	963	0.5622	C
14	23	703	0.4348	C
14	24	824	0.5706	C
14	25	71	0.1332	C
14	26	11	0.6981	
14	27	647	0.4088	C
14	28	346	0.4859	C
14	29	1174	0.5054	C
14	30	1062	0.4862	C
14	31	933	0.8932	
14	32	451	0.6108	
14	33	124	0.8919	
14	34	729	0.8323	
14	35	385	0.7797	
14	36	1116	0.8452	
14	37	906	0.9454	
14	38	306	0.9235	
14	39	437	0.9177	
14	40	322	0.8704	
14	41	619	0.9174	
14	42	523	0.8681	
14	43	68	0.7331	
14	44	127	0.8783	
14	45	59	0.682	
14	46	134	0.7121	
14	47	56	0.5035	C
14	48	119	0.9441	
15	1	82	0.8594	
15	2	629	0.6331	
15	3	934	0.7395	
15	4	428	0.7472	
15	5	398	0.8751	
15	6	524	0.789	
15	7	1160	0.7799	
15	8	131	0.731	
15	9	173	0.6186	
15	10	847	0.4605	C
15	11	1069	0.4894	C
15	12	1131	0.4795	C
15	13	1107	0.5104	C
15	14	848	0.5202	C
15	15	962	0.5721	C
15	16	1017	0.5433	C
15	17	127	0.4192	C
15	18	884	0.5872	C
15	19	1185	0.5452	C
15	20	639	0.476	C
15	21	163	0.4919	C
15	22	39	0.8015	
15	23	385	0.5294	C
15	24	364	0.4305	C
15	25	0	NA	
15	26	2	25.1327	
15	27	948	0.9076	
15	28	1278	0.9072	
15	29	0	NA	
15	30	11	1.4823	
15	31	1014	0.9027	
15	32	1475	0.8996	
15	33	3	9.4248	
15	34	10	0.8384	
15	35	359	0.8519	
15	36	62	0.8252	
15	37	76	0.3932	C
15	38	426	0.8449	
15	39	1019	0.9291	
15	40	1055	0.8924	
15	41	118	0.9092	
15	42	146	0.9825	
15	43	1253	0.8353	
15	44	1677	0.8684	
15	45	96	0.4454	C
15	46	136	0.7405	
15	47	62	0.57	C
15	48	108	0.9499	
16	1	77	0.7309	
16	2	532	0.9303	
16	3	692	0.7276	
16	4	1195	0.8611	
16	5	751	0.8079	
16	6	49	0.7461	
16	7	24	0.6639	
16	8	45	0.758	
16	9	468	0.9015	
16	10	109	0.7253	
16	11	687	0.39	C
16	12	1009	0.5084	C
16	13	421	0.8937	
16	14	797	0.4994	C
16	15	999	0.5729	C
16	16	1544	0.617	
16	17	64	0.7216	
16	18	829	0.4023	C
16	19	446	0.7649	
16	20	189	0.6664	
16	21	114	0.2238	S,C
16	22	320	0.4955	C
16	23	261	0.3324	C
16	24	73	0.4606	C
16	25	3	9.4248	
16	26	0	NA	
16	27	1088	0.8548	
16	28	1265	0.5295	C
16	29	14	0.4716	C
16	30	12	0.8826	
16	31	244	0.7141	
16	32	1019	0.5632	C
16	33	0	NA	
16	34	5	3.2246	
16	35	52	0.7918	
16	36	54	1.1319	
16	37	212	0.9122	
16	38	161	0.7893	
16	39	680	0.8391	
16	40	1228	0.9182	
16	41	125	0.741	
16	42	358	0.8836	
16	43	318	0.8964	
16	44	1570	0.9271	
16	45	70	0.6582	
16	46	836	0.7218	
16	47	31	0.7167	
16	48	97	0.8026	
17	1	1611	0.8469	
17	2	1294	0.8213	
17	3	751	0.8953	
17	4	279	0.9283	
17	5	495	0.6738	
17	6	571	0.7294	
17	7	1538	0.5587	C
17	8	2246	0.7986	
17	9	183	0.6379	
17	10	648	0.891	
17	11	198	0.6684	
17	12	254	0.8031	
17	13	344	0.7496	
17	14	290	0.7816	
17	15	708	0.8779	
17	16	415	0.8905	
17	17	410	0.5337	C
17	18	1001	0.4652	C
17	19	55	0.6941	
17	20	48	0.5691	C
17	21	473	0.5072	C
17	22	111	0.5442	C
17	23	0	NA	
17	24	1	Inf	
17	25	341	0.824	
17	26	416	0.8967	
17	27	160	0.8928	
17	28	207	0.8406	
17	29	1015	0.8538	
17	30	533	0.8104	
17	31	56	0.671	
17	32	143	1.0167	
17	33	543	0.9573	
17	34	1391	0.8591	
17	35	1208	0.8918	
17	36	540	0.8963	
17	37	850	0.9103	
17	38	639	0.8698	
17	39	864	0.8443	
17	40	671	0.7264	
17	41	445	0.9635	
17	42	327	0.7636	
17	43	1811	0.2785	C
17	44	791	0.7315	
17	45	88	0.491	C
17	46	71	0.6056	
17	47	1747	0.8485	
17	48	2090	0.8801	
18	1	988	0.8745	
18	2	1214	0.8617	
18	3	557	0.9122	
18	4	342	0.817	
18	5	74	0.843	
18	6	188	0.9434	
18	7	183	0.9033	
18	8	708	0.9139	
18	9	536	0.9504	
18	10	197	0.8743	
18	11	252	0.81	
18	12	131	0.5468	C
18	13	60	0.5277	C
18	14	124	0.9283	
18	15	426	0.8812	
18	16	693	0.8694	
18	17	869	0.9206	
18	18	668	0.8726	
18	19	69	0.759	
18	20	48	0.6715	
18	21	1399	0.4281	C
18	22	697	0.8445	
18	23	2	25.1327	
18	24	0	NA	
18	25	38	0.3726	C
18	26	507	0.9116	
18	27	44	0.6814	
18	28	39	0.8409	
18	29	971	0.8442	
18	30	212	0.4541	C
18	31	2431	0.894	
18	32	41	0.902	
18	33	675	0.9188	
18	34	1518	0.9366	
18	35	428	0.6319	
18	36	1944	0.8114	
18	37	680	0.9034	
18	38	832	0.9147	
18	39	998	0.9362	
18	40	1122	0.9348	
18	41	501	0.9321	
18	42	1124	0.81	
18	43	1846	0.8747	
18	44	882	0.8531	
18	45	47	0.8805	
18	46	31	0.8123	
18	47	855	0.8356	
18	48	993	0.8467	
19	1	1035	0.8911	
19	2	839	0.7917	
19	3	851	0.8565	
19	4	1157	0.8684	
19	5	684	0.8078	
19	6	629	0.8357	
19	7	94	0.5931	C
19	8	93	0.76	
19	9	9	0.4716	C
19	10	10	0.3922	C
19	11	1133	0.8772	
19	12	532	0.9124	
19	13	718	0.8629	
19	14	830	0.8793	
19	15	0	NA	
19	16	0	NA	
19	17	214	0.8315	
19	18	592	0.8867	
19	19	1	Inf	
19	20	2	25.1327	
19	21	647	0.867	
19	22	752	0.937	
19	23	231	0.7988	
19	24	1078	0.8897	
19	25	318	0.6708	
19	26	404	0.9347	
19	27	53	0.4765	C
19	28	72	0.7653	
19	29	73	0.9212	
19	30	98	0.8009	
19	31	562	0.8797	
19	32	1071	0.8606	
19	33	361	0.7732	
19	34	866	0.8941	
19	35	5	3.2246	
19	36	13	1.2022	
19	37	354	0.8839	
19	38	135	0.8389	
19	39	960	0.8546	
19	40	575	0.9021	
19	41	66	0.4617	C
19	42	106	0.348	C
19	43	60	0.8299	
19	44	1025	0.9162	
19	45	593	0.8358	
19	46	1238	0.9222	
19	47	0	NA	
19	48	0	NA	
20	1	1188	0.788	
20	2	962	0.8844	
20	3	968	0.9081	
20	4	400	0.9254	
20	5	814	0.8717	
20	6	164	0.831	
20	7	128	0.8954	
20	8	58	0.8482	
20	9	42	0.9511	
20	10	94	0.6427	
20	11	767	0.8757	
20	12	1347	0.8437	
20	13	1143	0.4064	C
20	14	877	0.9537	
20	15	2	Inf	
20	16	0	NA	
20	17	429	0.8561	
20	18	324	0.904	
20	19	0	NA	
20	20	0	NA	
20	21	831	0.8489	
20	22	864	0.5663	C
20	23	1036	0.8234	
20	24	598	0.8502	
20	25	459	0.8013	
20	26	1076	0.8796	
20	27	75	0.4335	C
20	28	106	0.7248	
20	29	95	0.9762	
20	30	92	0.7519	
20	31	1287	0.9416	
20	32	611	0.9513	
20	33	1133	0.9314	
20	34	791	0.9133	
20	35	4	1.078	
20	36	0	NA	
20	37	175	0.908	
20	38	434	0.9114	
20	39	1328	0.9071	
20	40	766	0.8844	
20	41	77	0.7654	
20	42	78	0.4624	C
20	43	730	0.8524	
20	44	962	0.8949	
20	45	165	0.6068	
20	46	565	0.8637	
20	47	58	0.8022	
20	48	2102	0.7808	
21	1	1213	0.8387	
21	2	1030	0.8699	
21	3	1097	0.8685	
21	4	877	0.8457	
21	5	1156	0.8589	
21	6	857	0.7408	
21	7	1309	0.8864	
21	8	80	0.7036	
21	9	103	0.6621	
21	10	34	0.8271	
21	11	1092	0.9134	
21	12	299	0.8446	
21	13	965	0.399	C
21	14	810	0.9146	
21	15	1162	0.8915	
21	16	1190	0.8199	
21	17	533	0.8267	
21	18	913	0.9038	
21	19	41	0.8426	
21	20	34	0.8451	
21	21	597	0.8167	
21	22	892	0.9017	
21	23	699	0.9447	
21	24	680	0.935	
21	25	505	0.8955	
21	26	1108	0.9395	
21	27	221	0.7792	
21	28	1587	0.9309	
21	29	1194	0.7453	
21	30	913	0.8652	
21	31	429	0.9009	
21	32	1026	0.9394	
21	33	1360	0.9177	
21	34	1161	0.9192	
21	35	63	0.8385	
21	36	94	0.7682	
21	37	1334	0.6112	
21	38	58	0.7599	
21	39	1153	0.9059	
21	40	964	0.5111	C
21	41	1164	0.8978	
21	42	109	0.5656	C
21	43	518	0.8764	
21	44	247	0.521	C
21	45	0	NA	
21	46	3	9.4248	
21	47	110	0.6094	
21	48	1430	0.8376	
22	1	1105	0.8602	
22	2	697	0.915	
22	3	1548	0.836	
22	4	594	0.6858	
22	5	702	0.8705	
22	6	1419	0.8984	
22	7	63	0.8254	
22	8	406	0.7821	
22	9	49	0.6183	
22	10	28	0.8385	
22	11	506	0.8561	
22	12	1453	0.8965	
22	13	1150	0.9277	
22	14	755	0.9254	
22	15	1125	0.8991	
22	16	283	0.8496	
22	17	285	0.8511	
22	18	762	0.9233	
22	19	5	0.7355	
22	20	0	NA	
22	21	729	0.8791	
22	22	359	0.8122	
22	23	583	0.9548	
22	24	672	0.7769	
22	25	697	0.915	
22	26	384	0.9477	
22	27	606	0.8436	
22	28	160	0.9345	
22	29	1215	0.9085	
22	30	454	0.8745	
22	31	374	0.8277	
22	32	291	0.9531	
22	33	1366	0.9297	
22	34	814	0.8869	
22	35	122	0.9288	
22	36	51	0.6203	
22	37	814	0.8717	
22	38	862	0.6981	
22	39	827	0.5566	C
22	40	1419	0.8714	
22	41	67	0.8274	
22	42	771	0.9148	
22	43	24	0.528	C
22	44	135	0.9085	
22	45	13	0.3802	C
22	46	0	NA	
22	47	186	0.6432	
22	48	301	0.7809	
23	1	1092	0.9012	
23	2	703	0.7963	
23	3	720	0.8447	
23	4	707	0.8255	
23	5	114	0.7386	
23	6	334	0.9553	
23	7	269	0.9302	
23	8	828	0.9349	
23	9	412	0.8222	
23	10	962	0.8456	
23	11	656	0.8715	
23	12	620	0.8893	
23	13	713	0.9203	
23	14	986	0.8572	
23	15	403	0.8781	
23	16	1009	0.9019	
23	17	772	0.8855	
23	18	290	0.9149	
23	19	118	0.3309	C
23	20	134	0.657	
23	21	182	0.8638	
23	22	178	0.4204	C
23	23	1262	0.9024	
23	24	930	0.9263	
23	25	828	0.9004	
23	26	845	0.8952	
23	27	1380	0.4145	C
23	28	513	0.9601	
23	29	55	0.9102	
23	30	77	0.9717	
23	31	513	0.941	
23	32	431	0.9051	
23	33	795	0.9632	
23	34	1148	0.9261	
23	35	1324	0.8966	
23	36	807	0.8832	
23	37	817	0.8805	
23	38	362	0.6509	
23	39	2405	0.8934	
23	40	414	0.8772	
23	41	156	0.2001	C
23	42	163	0.9095	
23	43	61	0.8248	
23	44	680	0.8632	
23	45	100	0.5738	C
23	46	1729	0.4858	C
23	47	1055	0.9209	
23	48	132	0.667	
24	1	703	0.9183	
24	2	1044	0.9076	
24	3	933	0.8121	
24	4	517	0.7565	
24	5	160	0.7594	
24	6	1142	0.8494	
24	7	584	0.9142	
24	8	569	0.9144	
24	9	1220	0.8769	
24	10	71	0.8507	
24	11	754	0.8553	
24	12	790	0.892	
24	13	330	0.9438	
24	14	109	0.8298	
24	15	1253	0.8353	
24	16	529	0.938	
24	17	296	0.8727	
24	18	157	1.0284	
24	19	85	0.4253	C
24	20	76	1.0115	
24	21	159	0.8745	
24	22	105	0.3145	C
24	23	212	0.7908	
24	24	278	0.3892	C
24	25	88	0.6435	
24	26	954	0.9003	
24	27	910	0.8686	
24	28	835	0.8659	
24	29	56	0.8527	
24	30	65	0.935	
24	31	547	0.9511	
24	32	615	0.8668	
24	33	61	0.5365	C
24	34	75	0.4991	C
24	35	547	0.9254	
24	36	747	0.9008	
24	37	197	0.9658	
24	38	59	0.8031	
24	39	83	0.5157	C
24	40	105	0.4918	C
24	41	114	0.8784	
24	42	92	0.4938	C
24	43	32	0.4791	C
24	44	86	0.7428	
24	45	644	0.903	
24	46	2085	0.8131	
24	47	392	0.9454	
24	48	331	0.7855	
25	1	779	0.838	
25	2	853	0.9234	
25	3	66	0.3391	C
25	4	52	0.5863	C
25	5	584	0.8907	
25	6	594	0.9421	
25	7	0	NA	
25	8	0	NA	
25	9	441	0.9463	
25	10	223	0.7606	
25	11	79	0.6653	
25	12	194	0.9208	
25	13	164	0.7911	
25	14	638	0.8728	
25	15	277	0.9216	
25	16	537	0.8963	
25	17	38	1.1379	
25	18	0	NA	
25	19	81	0.8051	
25	20	87	0.7048	
25	21	613	0.8904	
25	22	725	0.8186	
25	23	1534	0.5577	C
25	24	835	0.3796	C
25	25	7	0.3873	C
25	26	11	0.3043	C
25	27	877	0.9192	
25	28	790	0.5795	C
25	29	497	0.9436	
25	30	1053	0.8979	
25	31	654	0.95	
25	32	270	0.9598	
25	33	750	0.4987	C
25	34	735	0.8821	
25	35	408	0.9378	
25	36	1571	0.5469	C
25	37	654	0.957	
25	38	991	0.9488	
25	39	410	0.9575	
25	40	262	0.8114	
25	41	108	0.8826	
25	42	126	0.7829	
25	43	0	NA	
25	44	66	0.2657	C
25	45	120	0.312	C
25	46	638	0.5841	C
25	47	880	0.9085	
25	48	874	0.6412	
26	1	796	0.8987	
26	2	898	0.8971	
26	3	59	0.8487	
26	4	107	0.9126	
26	5	697	0.8787	
26	6	851	0.8266	
26	7	35	0.8092	
26	8	0	NA	
26	9	802	0.8857	
26	10	551	0.8821	
26	11	545	0.9531	
26	12	52	0.5863	C
26	13	241	0.8381	
26	14	633	0.9195	
26	15	505	0.8592	
26	16	957	0.9201	
26	17	8	0.3699	C
26	18	57	0.7586	
26	19	76	0.3726	C
26	20	66	0.8784	
26	21	297	0.9269	
26	22	515	0.9079	
26	23	704	0.898	
26	24	555	0.8802	
26	25	7	0.9433	
26	26	1	Inf	
26	27	735	0.8966	
26	28	629	0.9253	
26	29	465	0.8957	
26	30	405	0.9163	
26	31	630	0.8619	
26	32	176	0.8433	
26	33	905	0.6361	
26	34	699	0.9131	
26	35	575	0.907	
26	36	1240	0.8439	
26	37	82	0.4705	C
26	38	1025	0.9162	
26	39	385	0.2438	C
26	40	1316	0.4978	C
26	41	1085	0.9379	
26	42	109	1.0021	
26	43	33	0.8647	
26	44	0	NA	
26	45	337	0.123	S,C
26	46	93	0.3721	C
26	47	168	0.4346	C
26	48	137	0.2859	C
27	1	0	NA	
27	2	0	NA	
27	3	1125	0.9111	
27	4	76	0.6987	
27	5	0	NA	
27	6	57	0.7758	
27	7	201	0.8213	
27	8	104	0.4561	C
27	9	283	0.8451	
27	10	906	0.8892	
27	11	660	0.9075	
27	12	344	0.9839	
27	13	728	0.9286	
27	14	710	0.8661	
27	15	18	0.792	
27	16	2	25.1327	
27	17	962	0.9155	
27	18	1069	0.6131	
27	19	713	0.8639	
27	20	669	0.9042	
27	21	248	0.7005	
27	22	388	0.9019	
27	23	23	0.7947	
27	24	297	0.8869	
27	25	404	0.8941	
27	26	88	0.3255	C
27	27	510	0.8747	
27	28	848	0.7796	
27	29	806	0.8725	
27	30	536	0.9373	
27	31	308	0.8593	
27	32	443	0.9653	
27	33	1004	0.7653	
27	34	503	0.8395	
27	35	285	0.8667	
27	36	293	0.9491	
27	37	632	0.8708	
27	38	569	0.8326	
27	39	75	0.0954	C
27	40	3	9.4248	
27	41	805	0.885	
27	42	962	0.8808	
27	43	126	0.2368	C
27	44	88	0.225	C
27	45	109	0.5712	C
27	46	107	0.2985	C
27	47	0	NA	
27	48	294	0.3954	C
28	1	1	Inf	
28	2	0	NA	
28	3	58	0.5821	C
28	4	867	0.7599	
28	5	0	NA	
28	6	4	1.078	
28	7	124	0.8279	
28	8	105	0.7465	
28	9	834	0.8971	
28	10	460	0.9457	
28	11	202	0.8254	
28	12	249	0.9211	
28	13	989	0.8754	
28	14	537	0.9034	
28	15	199	0.9535	
28	16	14	0.7925	
28	17	776	0.9061	
28	18	790	0.9374	
28	19	443	0.494	C
28	20	1058	0.3589	C
28	21	283	0.3568	C
28	22	2334	0.6958	
28	23	123	0.3932	C
28	24	165	0.701	
28	25	513	0.941	
28	26	453	0.8726	
28	27	73	0.7023	
28	28	80	0.1662	C
28	29	1048	0.8567	
28	30	661	0.9433	
28	31	334	0.65	
28	32	627	0.5331	C
28	33	1087	0.9489	
28	34	744	0.8003	
28	35	240	0.9807	
28	36	375	0.8816	
28	37	127	0.7529	
28	38	268	0.2566	C
28	39	10	1.3475	
28	40	17	0.3494	C
28	41	752	0.8781	
28	42	356	0.0475	C
28	43	1453	0.5259	C
28	44	1003	0.9145	
28	45	112	0.2863	C
28	46	148	0.1653	C
28	47	185	0.4121	C
28	48	277	0.1204	S,C
29	1	115	0.7593	
29	2	79	0.8397	
29	3	168	0.9147	
29	4	708	0.8538	
29	5	0	NA	
29	6	0	NA	
29	7	2	25.1327	
29	8	0	NA	
29	9	912	0.7993	
29	10	493	0.8341	
29	11	430	0.682	
29	12	753	0.8775	
29	13	815	0.8767	
29	14	915	0.876	
29	15	527	0.8816	
29	16	683	0.8755	
29	17	2	25.1327	
29	18	0	NA	
29	19	1007	0.6301	
29	20	749	0.6878	
29	21	672	0.9082	
29	22	1018	0.6886	
29	23	938	0.62	
29	24	607	0.9328	
29	25	780	0.5052	C
29	26	725	0.8886	
29	27	953	0.9434	
29	28	886	0.8112	
29	29	75	0.4125	C
29	30	43	0.3917	C
29	31	973	0.57	C
29	32	1037	0.8104	
29	33	798	0.7585	
29	34	758	0.7417	
29	35	383	0.7272	
29	36	1152	0.5278	C
29	37	501	0.9009	
29	38	321	0.9346	
29	39	829	0.936	
29	40	1280	0.8152	
29	41	64	0.4696	C
29	42	893	0.9563	
29	43	3	9.4248	
29	44	406	0.9455	S
29	45	21	0.2858	C
29	46	163	0.0387	C
29	47	113	0.0645	C
29	48	254	0.551	S,C
30	1	133	0.7315	
30	2	66	0.5629	C
30	3	80	0.6091	
30	4	878	0.8441	
30	5	9	0.9959	
30	6	14	0.3668	C
30	7	12	0.2551	C
30	8	15	0.476	C
30	9	593	0.9065	
30	10	635	0.8436	
30	11	1150	0.8522	
30	12	140	0.6196	
30	13	392	0.5429	C
30	14	768	0.7428	
30	15	668	0.6023	
30	16	418	0.5395	C
30	17	0	NA	
30	18	10	0.3922	C
30	19	1775	0.2539	C
30	20	1068	0.4138	C
30	21	628	0.5558	C
30	22	572	0.2962	C
30	23	859	0.6044	
30	24	839	0.6471	
30	25	665	0.6644	
30	26	632	0.9019	
30	27	603	0.2196	C
30	28	422	0.9055	
30	29	116	0.9598	
30	30	65	0.3729	C
30	31	672	0.7563	
30	32	781	0.9418	
30	33	824	0.8028	
30	34	521	0.3595	C
30	35	1461	0.0634	C
30	36	555	0.1708	C
30	37	232	1.0073	
30	38	434	0.9114	
30	39	1181	0.9438	
30	40	110	0.6994	
30	41	141	0.1687	C
30	42	586	0.6678	S
30	43	750	0.5477	S,C
30	44	556	0.3567	C
30	45	123	0.1006	C
30	46	210	0.1022	S,C
30	47	132	0.4164	C
30	48	154	0.8645	S
31	1	0	NA	
31	2	0	NA	
31	3	703	0.7963	
31	4	490	0.829	
31	5	1376	0.6879	
31	6	1198	0.6643	
31	7	1206	0.6346	
31	8	733	0.5426	C
31	9	1	Inf	
31	10	3	9.4248	
31	11	306	0.9654	
31	12	201	0.7763	
31	13	780	0.6524	
31	14	1014	0.5076	C
31	15	1143	0.517	C
31	16	978	0.6899	
31	17	286	0.9337	
31	18	502	0.7451	
31	19	1087	0.7142	
31	20	1045	0.7885	
31	21	1371	0.3751	C
31	22	744	0.5102	C
31	23	1531	0.5607	C
31	24	789	0.2801	C
31	25	1918	0.4541	C
31	26	1075	0.7228	
31	27	267	0.3048	S,C
31	28	835	0.7677	
31	29	123	0.1897	C
31	30	139	0.3268	C
31	31	1053	0.5834	C
31	32	785	0.8766	
31	33	1128	0.765	
31	34	1284	0.5727	C
31	35	912	0.3888	C
31	36	846	0.3435	C
31	37	1156	0.1413	C
31	38	907	0.9265	
31	39	152	0.5479	C
31	40	140	0.744	
31	41	1295	0.6341	
31	42	619	0.3937	S,C
31	43	305	0.1601	S,C
31	44	339	0.4488	S,C
31	45	251	0.0991	S,C
31	46	2891	0.1562	C
31	47	345	0.0342	S,C
31	48	4	1.4797	
32	1	1	Inf	
32	2	3	6.4681	
32	3	1087	0.8254	
32	4	772	0.8267	
32	5	892	0.8792	
32	6	1088	0.8502	
32	7	960	0.9285	
32	8	1254	0.9327	
32	9	122	0.7904	
32	10	110	0.8727	
32	11	274	0.8269	
32	12	687	0.1232	C
32	13	1091	0.1979	C
32	14	930	0.8118	
32	15	1713	0.9062	
32	16	1865	0.8467	
32	17	171	0.931	
32	18	302	0.8951	
32	19	1568	0.8411	
32	20	1116	0.8674	
32	21	1403	0.9386	
32	22	936	0.9186	
32	23	1269	0.8743	
32	24	1739	0.841	
32	25	1847	0.9025	
32	26	1602	0.8632	
32	27	485	0.8551	
32	28	801	0.8616	
32	29	205	0.7965	
32	30	222	0.7938	
32	31	1270	0.8858	
32	32	1363	0.9197	
32	33	963	0.7675	
32	34	1409	0.9267	
32	35	1684	0.5256	C
32	36	1756	0.837	
32	37	1101	0.8966	
32	38	1374	0.8721	
32	39	807	0.2515	C
32	40	752	0.0991	C
32	41	684	0.6289	S
32	42	196	0.3821	S,C
32	43	1562	0.7688	
32	44	2241	0.2657	S,C
32	45	473	0.1799	S,C
32	46	1547	0.5939	C
32	47	112	0.2154	C
32	48	116	0.2951	S,C
