# gitter v1.0.3 data file generated on Wed Feb 25 11:24:26 2015
# Warning possible misgridding: high count of small colony sizes, high count of low colony circularity
# Flags: S - Colony spill or edge interference, C - Low colony circularity
# row	col	size	circularity	flags
1	1	1406	0.888	
1	2	1901	0.9127	
1	3	139	0.9723	
1	4	136	1.0303	
1	5	1545	0.8191	
1	6	1440	0.8274	
1	7	1100	0.8549	
1	8	1936	0.8764	
1	9	68	0.7056	
1	10	50	0.4051	C
1	11	97	0.9642	
1	12	754	0.9286	
1	13	694	0.8707	
1	14	981	0.8206	
1	15	0	NA	
1	16	0	NA	
1	17	431	0.9248	
1	18	918	0.8576	
1	19	2	25.1327	
1	20	15	1.1033	
1	21	1109	0.8399	
1	22	973	0.9128	
1	23	390	0.7899	
1	24	700	0.8739	
1	25	1505	0.862	
1	26	1025	0.8825	
1	27	1718	0.883	
1	28	1503	0.8225	
1	29	933	0.7648	
1	30	378	0.7974	
1	31	5	0.7355	
1	32	10	0.9248	
1	33	1188	0.8803	
1	34	1422	0.8846	
1	35	644	0.8272	
1	36	948	0.8391	
1	37	0	NA	
1	38	19	0.7311	
1	39	9	0.5712	C
1	40	22	0.6227	
1	41	49	0.901	
1	42	82	0.6296	
1	43	1290	0.878	
1	44	1086	0.8069	
1	45	0	NA	
1	46	0	NA	
1	47	267	0.8535	
1	48	228	0.7426	
2	1	1282	0.865	
2	2	1133	0.9262	
2	3	127	0.9508	
2	4	935	0.8657	
2	5	603	0.825	
2	6	275	0.754	
2	7	1259	0.8937	
2	8	17	1.0181	
2	9	23	0.7299	
2	10	18	0.8323	
2	11	12	0.4707	C
2	12	1260	0.827	
2	13	131	0.9422	
2	14	1011	0.8311	
2	15	0	NA	
2	16	0	NA	
2	17	357	0.8025	
2	18	934	0.8397	
2	19	0	NA	
2	20	0	NA	
2	21	519	0.9024	
2	22	2105	0.8759	
2	23	156	0.7828	
2	24	128	0.947	
2	25	1372	0.8886	
2	26	56	0.5869	C
2	27	1257	0.9082	
2	28	1159	0.6981	
2	29	1169	0.8662	
2	30	1405	0.8066	
2	31	0	NA	
2	32	7	0.9433	
2	33	1029	0.869	
2	34	1470	0.907	
2	35	1043	0.8773	
2	36	1001	0.7916	
2	37	0	NA	
2	38	0	NA	
2	39	0	NA	
2	40	2	25.1327	
2	41	76	0.8078	
2	42	45	0.9702	
2	43	1086	0.8377	
2	44	596	0.8021	S
2	45	0	NA	
2	46	0	NA	
2	47	1878	0.8502	
2	48	0	NA	
3	1	0	NA	
3	2	0	NA	
3	3	1228	0.8307	
3	4	1648	0.8257	
3	5	30	0.9136	
3	6	325	0.9462	
3	7	112	1.0775	
3	8	1077	0.8631	
3	9	647	0.9006	
3	10	699	0.8108	
3	11	465	0.8904	
3	12	336	0.8778	
3	13	469	0.8852	
3	14	17	0.4703	C
3	15	584	0.8334	
3	16	427	0.7787	
3	17	1193	0.8619	
3	18	660	0.8621	
3	19	1221	0.8289	
3	20	1124	0.8151	
3	21	890	0.8521	
3	22	538	0.8088	
3	23	1114	0.8078	
3	24	1287	0.8507	
3	25	11	0.6981	
3	26	32	0.7398	
3	27	1316	0.8255	
3	28	1256	0.8154	
3	29	407	0.5057	C
3	30	493	0.9305	
3	31	710	0.5456	C
3	32	1040	0.7291	
3	33	769	0.8615	
3	34	269	0.8646	
3	35	1461	0.7229	
3	36	1482	0.765	
3	37	498	0.8318	
3	38	908	0.9292	
3	39	1243	0.8869	
3	40	1189	0.8462	
3	41	1324	0.8161	
3	42	1425	0.7324	
3	43	0	NA	
3	44	0	NA	
3	45	0	NA	
3	46	0	NA	
3	47	59	0.9362	
3	48	95	0.6623	
4	1	0	NA	
4	2	0	NA	
4	3	1398	0.9022	
4	4	1362	0.919	
4	5	902	0.9039	
4	6	1534	0.8786	
4	7	1198	0.8254	
4	8	504	0.8131	
4	9	843	0.8071	
4	10	531	0.8376	
4	11	414	0.8141	
4	12	616	0.8713	
4	13	18	1.0189	
4	14	18	0.7546	
4	15	771	0.8844	
4	16	17	1.1454	
4	17	707	0.8695	
4	18	964	0.9135	
4	19	1067	0.7999	
4	20	1491	0.8096	
4	21	631	0.9004	
4	22	638	0.8536	
4	23	747	0.7879	
4	24	1159	0.83	
4	25	1	Inf	
4	26	47	0.6761	
4	27	1139	0.8672	
4	28	1175	0.8489	
4	29	721	0.6796	
4	30	797	0.731	
4	31	899	0.9241	
4	32	823	0.8653	
4	33	1054	0.7325	
4	34	695	0.9078	
4	35	935	0.6903	
4	36	667	0.7414	
4	37	69	0.5938	C
4	38	43	0.9271	
4	39	1344	0.7378	
4	40	225	0.9003	
4	41	1196	0.4541	C
4	42	1002	0.7087	
4	43	0	NA	
4	44	0	NA	
4	45	4	1.078	
4	46	0	NA	
4	47	77	0.8023	
4	48	96	0.7845	
5	1	177	0.9406	
5	2	149	0.9258	
5	3	0	NA	
5	4	0	NA	
5	5	0	NA	
5	6	0	NA	
5	7	998	0.8921	
5	8	952	0.9022	
5	9	1216	0.9126	
5	10	704	0.7138	
5	11	620	0.8379	
5	12	78	0.8208	
5	13	26	0.6813	
5	14	98	0.7337	
5	15	256	0.9282	
5	16	89	0.9594	
5	17	0	NA	
5	18	0	NA	
5	19	278	0.6782	
5	20	978	0.8503	
5	21	0	NA	
5	22	0	NA	
5	23	1288	0.6956	
5	24	1360	0.8228	
5	25	708	0.8429	
5	26	751	0.7696	
5	27	308	0.8531	
5	28	459	0.8752	
5	29	954	0.9041	
5	30	1132	0.7936	
5	31	1224	0.807	
5	32	1677	0.851	
5	33	560	0.8786	
5	34	398	0.8395	
5	35	1241	0.5563	C
5	36	1475	0.6234	
5	37	1330	0.5063	C
5	38	0	NA	
5	39	1126	0.6278	
5	40	1347	0.6356	
5	41	513	0.5157	C
5	42	1055	0.8085	
5	43	1585	0.5824	C
5	44	1698	0.8954	
5	45	0	NA	
5	46	0	NA	
5	47	0	NA	
5	48	21	0.7256	
6	1	217	0.7934	
6	2	107	0.4039	C
6	3	0	NA	
6	4	0	NA	
6	5	0	NA	
6	6	0	NA	
6	7	352	0.9261	
6	8	465	0.7867	
6	9	1488	0.8169	
6	10	773	0.9259	
6	11	48	1.0061	
6	12	629	0.8711	
6	13	162	0.7124	
6	14	95	0.6322	
6	15	420	0.8688	
6	16	31	0.9067	
6	17	0	NA	
6	18	0	NA	
6	19	25	0.7076	
6	20	16	0.8852	
6	21	0	NA	
6	22	0	NA	
6	23	179	0.8576	
6	24	1358	0.9163	
6	25	249	0.8003	
6	26	30	0.5964	C
6	27	328	0.8629	
6	28	357	0.8393	
6	29	1197	0.8497	
6	30	59	0.9938	
6	31	1342	0.7566	
6	32	1222	0.6928	
6	33	375	0.9105	
6	34	313	0.8733	
6	35	1484	0.5318	C
6	36	1860	0.5824	C
6	37	16	0.5884	C
6	38	0	NA	
6	39	1096	0.5978	C
6	40	1522	0.5498	C
6	41	730	0.8662	
6	42	291	0.8323	
6	43	1396	0.9041	
6	44	1307	0.8819	
6	45	0	NA	
6	46	0	NA	
6	47	63	0.4716	C
6	48	108	0.735	
7	1	1611	0.8653	
7	2	1468	0.8571	
7	3	865	0.9066	
7	4	1023	0.8605	
7	5	1383	0.8048	
7	6	1302	0.9161	
7	7	1088	0.8894	
7	8	842	0.6336	
7	9	797	0.6937	
7	10	606	0.812	
7	11	1037	0.8135	
7	12	199	0.9148	
7	13	1316	0.9099	
7	14	1119	0.8072	
7	15	704	0.7964	
7	16	218	0.3219	C
7	17	1008	0.8122	
7	18	1137	0.7259	
7	19	1174	0.5591	C
7	20	1233	0.8644	
7	21	1546	0.8368	
7	22	1378	0.8241	
7	23	408	0.8515	
7	24	713	0.8598	
7	25	1162	0.8711	
7	26	602	0.8236	
7	27	1306	0.9223	
7	28	1399	0.828	
7	29	721	0.7638	
7	30	412	0.6838	
7	31	38	0.8786	
7	32	33	0.6265	
7	33	475	0.8801	
7	34	103	0.8785	
7	35	823	0.4911	C
7	36	1257	0.5318	C
7	37	1330	0.5369	C
7	38	1241	0.5245	C
7	39	1063	0.4895	C
7	40	1449	0.507	C
7	41	583	0.9028	
7	42	607	0.8836	
7	43	17	0.5981	C
7	44	0	NA	
7	45	394	0.7197	S
7	46	51	0.8971	
7	47	1419	0.8379	
7	48	2212	0.8301	
8	1	1759	0.8945	
8	2	881	0.7369	
8	3	981	0.8446	
8	4	773	0.9068	
8	5	1488	0.8324	
8	6	998	0.7423	
8	7	179	0.9513	
8	8	335	0.9512	
8	9	358	0.8496	
8	10	437	0.872	
8	11	374	0.9231	
8	12	224	0.5256	C
8	13	732	0.7648	
8	14	1189	0.8732	
8	15	1071	0.7405	
8	16	1087	0.7648	
8	17	1228	0.8938	
8	18	638	0.79	
8	19	1379	0.8783	
8	20	166	0.7395	
8	21	742	0.8069	
8	22	32	0.7668	
8	23	227	0.7578	
8	24	1021	0.8862	
8	25	1017	0.8589	
8	26	1809	0.8075	
8	27	762	0.7818	
8	28	1344	0.8253	
8	29	140	0.4673	C
8	30	69	0.6993	
8	31	47	0.609	
8	32	53	0.3096	C
8	33	993	0.6976	
8	34	57	0.7468	
8	35	1145	0.5695	C
8	36	1033	0.5574	C
8	37	1221	0.5527	C
8	38	1536	0.529	C
8	39	1481	0.4877	C
8	40	1126	0.6342	
8	41	513	0.8199	
8	42	339	0.9072	
8	43	1	Inf	
8	44	0	NA	
8	45	261	0.4374	C
8	46	525	0.5706	S,C
8	47	2075	0.6061	
8	48	1954	0.8784	
9	1	4	1.078	
9	2	0	NA	
9	3	0	NA	
9	4	0	NA	
9	5	0	NA	
9	6	0	NA	
9	7	0	NA	
9	8	0	NA	
9	9	163	0.9189	
9	10	530	0.8145	
9	11	26	0.9315	
9	12	127	0.9029	
9	13	518	0.7301	
9	14	779	0.7183	
9	15	0	NA	
9	16	1	Inf	
9	17	52	0.6813	
9	18	29	0.9203	
9	19	21	0.695	
9	20	26	0.7192	
9	21	918	0.9065	
9	22	984	0.8067	
9	23	633	0.8767	
9	24	346	0.9487	
9	25	865	0.8717	
9	26	230	0.6578	
9	27	387	0.8978	
9	28	1039	0.6916	
9	29	1338	0.6892	
9	30	330	0.6202	
9	31	5	0.7355	
9	32	8	0.7398	
9	33	1219	0.6068	
9	34	1002	0.5513	C
9	35	348	0.9155	
9	36	39	0.6374	
9	37	904	0.8819	
9	38	662	0.9011	
9	39	80	0.6538	
9	40	52	0.6813	
9	41	792	0.8508	
9	42	676	0.9315	
9	43	33	1.0472	
9	44	41	0.902	
9	45	41	0.6906	
9	46	986	0.8813	
9	47	0	NA	
9	48	3	3.2341	
10	1	0	NA	
10	2	0	NA	
10	3	0	NA	
10	4	0	NA	
10	5	0	NA	
10	6	0	NA	
10	7	0	NA	
10	8	0	NA	
10	9	964	0.8739	
10	10	2354	0.8824	
10	11	591	0.4877	C
10	12	962	0.6554	
10	13	252	0.691	
10	14	263	0.582	C
10	15	1	Inf	
10	16	0	NA	
10	17	598	0.6969	
10	18	34	0.7227	
10	19	35	0.6557	
10	20	28	0.7337	
10	21	582	0.8131	
10	22	266	0.8392	
10	23	264	0.6897	
10	24	768	0.8198	
10	25	658	0.8215	
10	26	409	0.8589	
10	27	681	0.7594	
10	28	1132	0.7827	
10	29	145	0.8687	
10	30	407	0.6941	
10	31	11	1.1278	
10	32	5	0.7355	
10	33	322	0.5032	C
10	34	1029	0.3011	C
10	35	46	1.012	
10	36	139	0.7813	
10	37	834	0.8769	
10	38	1025	0.7124	
10	39	44	0.6185	
10	40	76	0.5623	C
10	41	1331	0.4957	C
10	42	681	0.8173	
10	43	44	0.6981	
10	44	60	0.7572	
10	45	74	0.8867	
10	46	764	0.8492	
10	47	0	NA	
10	48	3	3.2341	
11	1	1397	0.8972	
11	2	1282	0.865	
11	3	111	0.9185	
11	4	76	0.8482	
11	5	913	0.8161	
11	6	1494	0.7525	
11	7	1017	0.5728	C
11	8	424	0.6841	
11	9	0	NA	
11	10	0	NA	
11	11	1212	0.8108	
11	12	789	0.5115	C
11	13	882	0.6245	
11	14	75	0.6682	
11	15	4	1.4797	
11	16	0	NA	
11	17	151	0.6359	
11	18	153	0.5945	C
11	19	717	0.8372	
11	20	491	0.7437	
11	21	1094	0.7875	
11	22	1010	0.8939	
11	23	722	0.7697	
11	24	810	0.7755	
11	25	59	0.7365	
11	26	44	0.7103	
11	27	556	0.4887	C
11	28	1466	0.468	C
11	29	121	0.5836	C
11	30	153	0.7625	
11	31	1235	0.4174	C
11	32	1058	0.4804	C
11	33	1629	0.4736	C
11	34	109	0.9711	
11	35	1247	0.5812	C
11	36	1319	0.4426	C
11	37	1171	0.5885	C
11	38	1230	0.5845	C
11	39	1262	0.5365	C
11	40	1140	0.4721	C
11	41	674	0.5616	C
11	42	1338	0.5146	C
11	43	1062	0.8648	
11	44	1366	0.6354	
11	45	1189	0.6421	
11	46	856	0.8799	
11	47	1081	0.8392	
11	48	1522	0.8001	
12	1	1435	0.6976	
12	2	911	0.7241	
12	3	530	0.9398	
12	4	523	0.7964	
12	5	1205	0.7917	
12	6	1365	0.8512	
12	7	912	0.9017	
12	8	454	0.6595	
12	9	1	Inf	
12	10	0	NA	
12	11	988	0.775	
12	12	95	0.4151	C
12	13	128	0.5004	C
12	14	859	0.6075	
12	15	4	1.078	
12	16	0	NA	
12	17	108	0.3066	C
12	18	204	0.4437	C
12	19	286	0.4348	C
12	20	100	0.554	C
12	21	529	0.7712	
12	22	242	0.5876	C
12	23	1396	0.7845	
12	24	1080	0.7533	
12	25	212	0.5172	C
12	26	55	0.6358	
12	27	44	0.5034	C
12	28	567	0.4829	C
12	29	302	0.5453	C
12	30	53	0.8167	
12	31	1313	0.4657	C
12	32	36	0.8499	
12	33	37	0.7355	
12	34	62	0.774	
12	35	724	0.8522	
12	36	988	0.5755	C
12	37	1167	0.499	C
12	38	1136	0.8994	
12	39	1132	0.5024	C
12	40	965	0.9091	
12	41	941	0.5812	C
12	42	875	0.4944	C
12	43	499	0.9753	
12	44	1322	0.9108	
12	45	1007	0.9313	
12	46	815	0.7999	
12	47	1503	0.4338	C
12	48	1269	0.8712	
13	1	0	NA	
13	2	0	NA	
13	3	7	0.9433	
13	4	49	0.7775	
13	5	561	0.682	
13	6	961	0.7121	
13	7	0	NA	
13	8	0	NA	
13	9	890	0.6285	
13	10	430	0.8581	
13	11	29	0.6705	
13	12	45	0.8825	
13	13	601	0.7213	
13	14	174	0.8672	
13	15	7	0.9433	
13	16	7	0.3873	C
13	17	1183	0.7126	
13	18	31	0.8123	
13	19	300	0.4999	C
13	20	620	0.6148	
13	21	12	0.4413	C
13	22	9	0.6064	
13	23	9	0.6064	
13	24	5	2.6951	
13	25	728	0.6165	
13	26	777	0.4886	C
13	27	455	0.4756	C
13	28	918	0.44	C
13	29	1771	0.5564	C
13	30	1660	0.5172	C
13	31	421	0.4346	C
13	32	222	0.365	C
13	33	829	0.5869	C
13	34	504	0.8814	
13	35	9	1.2128	
13	36	4	2.5797	
13	37	1645	0.9317	
13	38	574	0.9054	
13	39	63	0.5149	C
13	40	924	0.8937	
13	41	894	0.7772	
13	42	1164	0.8863	
13	43	760	0.8409	
13	44	1177	0.9113	
13	45	0	NA	
13	46	0	NA	
13	47	251	0.8024	
13	48	2353	0.8787	
14	1	7	0.9433	
14	2	0	NA	
14	3	30	0.6046	
14	4	167	0.9415	
14	5	1159	0.6805	
14	6	23	0.5595	C
14	7	0	NA	
14	8	0	NA	
14	9	877	0.4721	C
14	10	654	0.776	
14	11	1291	0.5353	C
14	12	89	0.6454	
14	13	291	0.8323	
14	14	914	0.6183	
14	15	4	1.4797	
14	16	0	NA	
14	17	42	0.5809	C
14	18	18	0.4716	C
14	19	555	0.8735	
14	20	571	0.8089	
14	21	12	1.617	
14	22	9	0.5712	C
14	23	4	1.078	
14	24	3	3.2341	
14	25	1006	0.584	C
14	26	278	0.4157	C
14	27	467	0.4536	C
14	28	365	0.6106	
14	29	1692	0.4239	C
14	30	454	0.5143	C
14	31	419	0.831	
14	32	506	0.8398	
14	33	605	0.8742	
14	34	824	0.8381	
14	35	14	0.6812	
14	36	5	0.7355	
14	37	550	0.8376	
14	38	46	0.8092	
14	39	48	0.6219	
14	40	35	0.7336	
14	41	601	0.8427	
14	42	1462	0.3543	C
14	43	1079	0.929	
14	44	1222	0.9255	
14	45	0	NA	
14	46	0	NA	
14	47	682	0.8615	
14	48	1576	0.9026	
15	1	1139	0.8819	
15	2	1030	0.7089	
15	3	1382	0.6933	
15	4	1230	0.6805	
15	5	0	NA	
15	6	52	0.5396	C
15	7	925	0.5034	C
15	8	1367	0.6967	
15	9	341	0.908	
15	10	405	0.8289	
15	11	1254	0.3937	C
15	12	588	0.9036	
15	13	835	0.5105	C
15	14	798	0.4397	C
15	15	785	0.5305	C
15	16	1440	0.6606	
15	17	19	0.6401	
15	18	14	0.6812	
15	19	1139	0.5898	C
15	20	1064	0.4847	C
15	21	232	0.3587	C
15	22	1080	0.3809	C
15	23	1854	0.4757	C
15	24	517	0.5561	C
15	25	164	0.4095	C
15	26	1338	0.4125	C
15	27	983	0.5785	C
15	28	45	0.6056	
15	29	108	0.799	
15	30	88	0.3706	C
15	31	32	0.7785	
15	32	72	0.3638	C
15	33	749	0.9199	
15	34	1306	0.6118	
15	35	1737	0.8927	
15	36	540	0.9085	
15	37	840	0.9094	
15	38	950	0.915	
15	39	557	0.9499	
15	40	893	0.8176	
15	41	609	0.9073	
15	42	990	0.8125	
15	43	261	0.9278	
15	44	380	0.9165	
15	45	72	0.6954	
15	46	366	0.8628	
15	47	0	NA	
15	48	17	0.5627	C
16	1	901	0.9108	
16	2	1085	0.6663	
16	3	908	0.8912	
16	4	1439	0.7705	
16	5	62	0.7429	
16	6	0	NA	
16	7	1286	0.8784	
16	8	523	0.8518	
16	9	45	0.5392	C
16	10	48	0.7616	
16	11	808	0.4123	C
16	12	429	0.8349	
16	13	717	0.8746	
16	14	733	0.4375	C
16	15	1231	0.5607	C
16	16	1129	0.8518	
16	17	18	0.49	C
16	18	14	0.6037	
16	19	973	0.4701	C
16	20	442	0.3418	C
16	21	231	0.9163	
16	22	516	0.5807	C
16	23	1149	0.5757	C
16	24	763	0.8493	
16	25	107	0.4372	S,C
16	26	231	0.7668	
16	27	497	0.9247	
16	28	978	0.8917	
16	29	203	0.8473	
16	30	45	0.8825	
16	31	38	0.9244	
16	32	1496	0.825	
16	33	254	1.0076	
16	34	240	0.8462	
16	35	801	0.8147	
16	36	758	0.8952	
16	37	935	0.8698	
16	38	803	0.9025	
16	39	788	0.8856	
16	40	1264	0.9451	
16	41	709	0.8649	
16	42	960	0.9422	
16	43	242	0.9803	
16	44	131	0.814	
16	45	429	0.9348	
16	46	88	0.7192	
16	47	7	0.9433	
16	48	26	0.8983	
17	1	99	0.8984	
17	2	28	0.7746	
17	3	0	NA	
17	4	0	NA	
17	5	1537	0.7411	
17	6	814	0.899	
17	7	9	0.539	C
17	8	0	NA	
17	9	1146	0.4524	C
17	10	1332	0.3788	C
17	11	2	25.1327	
17	12	0	NA	
17	13	76	0.7554	
17	14	260	0.7436	
17	15	45	0.6224	
17	16	337	0.3597	C
17	17	1342	0.4805	C
17	18	1306	0.4852	C
17	19	854	0.481	C
17	20	875	0.3977	C
17	21	311	0.8182	
17	22	128	0.8255	
17	23	9	0.5712	C
17	24	4	1.4797	
17	25	41	0.8594	
17	26	332	0.8993	
17	27	550	0.9129	
17	28	1098	0.9062	
17	29	757	0.9128	
17	30	463	0.9183	
17	31	213	0.3792	C
17	32	2161	0.3349	C
17	33	30	0.66	
17	34	34	0.6252	
17	35	372	0.8972	
17	36	72	0.4192	C
17	37	781	0.8876	
17	38	1164	0.8978	
17	39	932	0.9053	
17	40	725	0.8562	
17	41	8	0.7398	
17	42	3	3.2341	
17	43	399	0.9111	
17	44	1226	0.9085	
17	45	48	0.6905	
17	46	283	0.8326	
17	47	1254	0.8715	
17	48	1341	0.9049	
18	1	67	0.4119	C
18	2	19	1.2358	
18	3	0	NA	
18	4	3	3.2341	
18	5	804	0.8743	
18	6	570	0.904	
18	7	1	Inf	
18	8	0	NA	
18	9	717	0.4186	C
18	10	1481	0.8816	
18	11	1	Inf	
18	12	0	NA	
18	13	142	0.8005	
18	14	65	0.8292	
18	15	350	0.9836	
18	16	697	0.9041	
18	17	183	0.8852	
18	18	1230	0.4038	C
18	19	940	0.4647	C
18	20	745	0.9131	
18	21	148	0.8554	
18	22	118	0.7941	
18	23	3	3.2341	
18	24	2	25.1327	
18	25	542	0.7639	
18	26	667	0.8508	
18	27	769	0.9211	
18	28	904	0.8655	
18	29	703	0.9119	
18	30	79	0.7429	
18	31	57	0.6058	
18	32	384	0.8498	
18	33	14	1.2947	
18	34	16	0.5629	C
18	35	113	0.5313	C
18	36	57	0.7551	
18	37	319	0.9219	
18	38	998	0.8395	
18	39	1104	0.8823	
18	40	1304	0.818	
18	41	8	0.7398	
18	42	15	0.5772	C
18	43	1390	0.8896	
18	44	800	0.8031	
18	45	61	0.7818	
18	46	96	0.6338	
18	47	537	0.855	
18	48	1480	0.8954	
19	1	197	0.8401	
19	2	80	0.9731	
19	3	1579	0.868	
19	4	1119	0.8826	
19	5	0	NA	
19	6	0	NA	
19	7	1126	0.9119	
19	8	964	0.8498	
19	9	1212	0.9263	
19	10	1104	0.8906	
19	11	579	0.6815	
19	12	1486	0.528	C
19	13	1122	0.5081	C
19	14	1013	0.4967	C
19	15	963	0.8156	
19	16	596	0.9042	
19	17	878	0.8654	
19	18	910	0.8749	
19	19	1255	0.3666	C
19	20	842	0.9057	
19	21	1138	0.4718	C
19	22	1019	0.864	
19	23	425	0.9062	
19	24	47	0.8268	
19	25	48	1.0349	
19	26	43	0.6823	
19	27	36	0.662	
19	28	51	0.4132	C
19	29	1127	0.9177	
19	30	965	0.8872	
19	31	57	0.7272	
19	32	225	0.9194	
19	33	704	0.9042	
19	34	170	0.8335	
19	35	35	1.0481	
19	36	70	0.7926	
19	37	1239	0.8952	
19	38	1337	0.9099	
19	39	1221	0.8934	
19	40	1014	0.8612	
19	41	147	0.9377	
19	42	139	1.0284	
19	43	53	0.9495	
19	44	237	0.9401	
19	45	78	0.9017	
19	46	929	0.219	C
19	47	733	0.8797	
19	48	1149	0.8669	
20	1	91	0.7831	
20	2	71	0.982	
20	3	1102	0.6144	
20	4	1639	0.894	
20	5	1	Inf	
20	6	0	NA	
20	7	1110	0.9337	
20	8	1125	0.8631	
20	9	972	0.7893	
20	10	951	0.8743	
20	11	700	0.812	
20	12	1257	0.8923	
20	13	1197	0.895	
20	14	981	0.8563	
20	15	959	0.8022	
20	16	585	0.8605	
20	17	557	0.8593	
20	18	482	0.9478	
20	19	351	0.9555	
20	20	558	0.8357	
20	21	543	0.9013	
20	22	1071	0.3719	C
20	23	846	0.8134	
20	24	61	0.8775	
20	25	52	0.6393	
20	26	31	0.9838	
20	27	101	0.9716	
20	28	39	1.1679	
20	29	399	0.9171	
20	30	345	0.9298	
20	31	72	0.98	
20	32	66	0.3883	C
20	33	55	0.5929	C
20	34	403	0.8918	
20	35	75	0.3536	C
20	36	86	0.6626	
20	37	644	0.903	
20	38	617	0.8651	
20	39	1004	0.9154	
20	40	929	0.9118	
20	41	451	0.9134	
20	42	71	0.7472	
20	43	1759	0.5813	C
20	44	200	0.4936	C
20	45	813	0.8938	
20	46	208	0.9437	
20	47	1074	0.5221	C
20	48	1047	0.9051	
21	1	1021	0.9126	
21	2	1064	0.673	
21	3	532	0.895	
21	4	692	0.8373	
21	5	5	0.7355	
21	6	10	0.691	
21	7	980	0.8472	
21	8	912	0.9416	
21	9	787	0.8845	
21	10	828	0.8827	
21	11	1042	0.9314	
21	12	1319	0.787	
21	13	420	0.9152	
21	14	824	0.8729	
21	15	787	0.9129	
21	16	107	0.8244	
21	17	961	0.9145	
21	18	700	0.8251	
21	19	5	0.7355	
21	20	6	1.2861	
21	21	447	0.9592	
21	22	1065	0.8706	
21	23	526	0.9021	
21	24	933	0.8664	
21	25	726	0.8898	
21	26	560	0.6043	
21	27	1843	0.34	C
21	28	616	0.9143	
21	29	211	0.9279	
21	30	150	0.4952	C
21	31	891	0.8967	
21	32	1000	0.9477	
21	33	765	0.8833	
21	34	255	0.8889	
21	35	329	0.8957	
21	36	591	0.9201	
21	37	123	0.7369	
21	38	59	0.4882	C
21	39	504	0.9191	
21	40	259	0.9859	
21	41	720	0.8928	
21	42	1011	0.9089	
21	43	736	0.9126	
21	44	947	0.8007	
21	45	1701	0.8742	
21	46	907	0.5874	C
21	47	1887	0.5675	C
21	48	1491	0.8875	
22	1	1008	0.8749	
22	2	442	0.882	
22	3	1266	0.847	
22	4	772	0.9203	
22	5	0	NA	
22	6	0	NA	
22	7	1386	0.8413	
22	8	997	0.8703	
22	9	929	0.8804	
22	10	937	0.9236	
22	11	1008	0.9322	
22	12	597	0.9647	
22	13	667	0.9125	
22	14	892	0.8489	
22	15	71	0.8418	
22	16	2438	0.5034	C
22	17	1038	0.3613	C
22	18	863	0.8816	
22	19	8	1.7147	
22	20	2	25.1327	
22	21	1237	0.897	
22	22	467	0.9319	
22	23	824	0.9347	
22	24	840	0.8939	
22	25	478	0.8645	
22	26	117	0.9396	
22	27	142	0.8729	
22	28	363	0.8672	
22	29	133	0.9957	
22	30	159	0.5467	C
22	31	905	0.2636	C
22	32	293	0.9672	
22	33	602	0.9133	
22	34	428	0.9326	
22	35	144	0.9186	
22	36	1256	0.9108	
22	37	48	0.8188	
22	38	1109	0.8829	
22	39	150	0.867	
22	40	213	0.889	
22	41	869	0.2865	C
22	42	1317	0.2607	C
22	43	1049	0.8623	
22	44	976	0.9344	
22	45	743	0.3961	C
22	46	591	0.9323	
22	47	1360	0.5989	C
22	48	1192	0.8689	
23	1	0	NA	
23	2	0	NA	
23	3	1433	0.8842	
23	4	1268	0.9001	
23	5	240	0.9136	
23	6	745	0.8984	
23	7	1220	0.8801	
23	8	591	0.9251	
23	9	1114	0.8028	
23	10	963	0.9451	
23	11	1148	0.9261	
23	12	1005	0.857	
23	13	1056	0.8918	
23	14	858	0.9188	
23	15	505	0.871	
23	16	316	0.8603	
23	17	1113	0.9185	
23	18	874	0.8928	
23	19	701	0.8898	
23	20	684	0.931	
23	21	1044	0.8733	
23	22	395	0.9816	
23	23	127	0.9669	
23	24	105	0.3287	C
23	25	574	0.8869	
23	26	392	0.9154	
23	27	56	0.7537	
23	28	788	0.8439	
23	29	1735	0.6404	
23	30	480	0.5808	C
23	31	1874	0.7904	
23	32	962	0.9116	
23	33	1150	0.9241	
23	34	1289	0.9347	
23	35	65	0.4809	C
23	36	107	0.4998	C
23	37	967	0.6638	
23	38	1033	0.8492	
23	39	628	0.9356	
23	40	682	0.9445	
23	41	1006	0.6385	
23	42	843	0.9028	
23	43	722	0.9385	
23	44	834	0.6603	
23	45	321	0.8445	
23	46	1332	0.575	C
23	47	438	0.9339	
23	48	1523	0.8531	
24	1	99	0.8597	
24	2	0	NA	
24	3	891	0.9585	
24	4	1049	0.9068	
24	5	82	0.902	
24	6	619	0.8468	
24	7	1028	0.8937	
24	8	839	0.8794	
24	9	1201	0.9385	
24	10	1394	0.8074	
24	11	1012	0.8957	
24	12	867	0.9386	
24	13	661	0.9433	
24	14	1069	0.8623	
24	15	118	0.7176	
24	16	138	0.8707	
24	17	1079	0.8543	
24	18	564	0.9185	
24	19	942	0.7089	
24	20	808	0.8787	
24	21	1031	0.9125	
24	22	552	0.899	
24	23	93	0.7021	
24	24	106	0.4918	C
24	25	1646	0.7024	
24	26	113	0.3367	C
24	27	214	0.8146	
24	28	260	1.0189	
24	29	646	0.9383	
24	30	925	0.5457	C
24	31	656	0.8715	
24	32	326	0.6242	
24	33	1464	0.6395	
24	34	195	0.8212	
24	35	50	0.4137	C
24	36	28	0.5491	C
24	37	1098	0.8775	
24	38	1111	0.9169	
24	39	733	0.3031	C
24	40	1050	0.3107	C
24	41	1046	0.8551	
24	42	1194	0.7084	
24	43	400	0.9556	
24	44	1149	0.8979	
24	45	889	0.6366	
24	46	1282	0.9297	
24	47	647	0.9349	
24	48	403	0.9118	
25	1	1856	0.8731	
25	2	1557	0.6999	
25	3	58	0.8482	
25	4	138	1.0331	
25	5	369	0.8715	
25	6	330	0.8831	
25	7	460	0.8044	
25	8	1572	0.3356	C
25	9	70	0.8387	
25	10	59	0.682	
25	11	601	0.9532	
25	12	740	0.3189	C
25	13	84	1.0765	
25	14	85	0.8068	
25	15	637	0.8609	
25	16	552	0.9213	
25	17	363	0.9714	
25	18	56	0.9851	
25	19	1878	0.3341	C
25	20	1124	0.79	
25	21	59	0.8031	
25	22	54	0.7768	
25	23	460	0.9516	
25	24	612	0.8956	
25	25	120	1.0235	
25	26	1265	0.8823	
25	27	695	0.9346	
25	28	888	0.8976	
25	29	60	0.5695	C
25	30	944	0.917	
25	31	809	0.8719	
25	32	997	0.7166	
25	33	713	0.7101	
25	34	484	0.9081	
25	35	110	0.2251	C
25	36	77	0.3739	C
25	37	494	0.881	
25	38	416	0.8682	
25	39	536	0.2956	C
25	40	473	0.8927	
25	41	103	0.8272	
25	42	648	0.9199	
25	43	419	0.8744	
25	44	1429	0.8575	
25	45	83	0.4973	C
25	46	56	0.4776	C
25	47	0	NA	
25	48	212	0.3036	C
26	1	1675	0.8929	
26	2	1668	0.896	
26	3	79	0.6713	
26	4	67	0.636	
26	5	742	0.9419	
26	6	662	0.9168	
26	7	826	0.8107	
26	8	1193	0.8575	
26	9	67	0.8455	
26	10	52	0.8251	
26	11	691	0.918	
26	12	1134	0.8511	
26	13	78	0.829	
26	14	70	0.7926	
26	15	314	0.8761	
26	16	106	0.9745	
26	17	48	0.7187	
26	18	52	0.748	
26	19	1090	0.4447	C
26	20	954	0.8247	
26	21	45	0.8946	
26	22	47	0.8119	
26	23	640	0.9415	
26	24	275	0.9078	
26	25	51	0.6682	
26	26	53	0.807	
26	27	875	0.6749	
26	28	12	0.5839	C
26	29	80	0.451	C
26	30	68	0.3902	C
26	31	1097	0.3925	C
26	32	588	0.9036	
26	33	595	0.9144	
26	34	487	0.9246	
26	35	76	0.4079	C
26	36	94	0.8224	
26	37	657	0.8642	
26	38	405	0.8581	
26	39	200	0.8991	
26	40	37	0.7977	
26	41	599	0.9039	
26	42	705	0.91	
26	43	1144	0.7286	
26	44	1441	0.6221	
26	45	59	0.28	C
26	46	38	0.9957	
26	47	809	0.9092	
26	48	586	0.7231	
27	1	133	0.7884	
27	2	458	0.9415	
27	3	216	0.98	
27	4	733	0.9622	
27	5	920	0.9029	
27	6	556	0.8818	
27	7	160	0.8419	
27	8	42	0.4574	C
27	9	1042	0.385	C
27	10	1284	0.4506	C
27	11	172	0.8433	
27	12	1308	0.8966	
27	13	648	0.5933	C
27	14	414	0.8511	
27	15	606	0.9028	
27	16	657	0.9099	
27	17	947	0.843	
27	18	967	0.7606	
27	19	1053	0.9103	
27	20	710	0.8847	
27	21	289	0.9802	
27	22	57	0.9044	
27	23	957	0.5737	C
27	24	868	0.7192	
27	25	960	0.6918	
27	26	570	0.8429	
27	27	365	0.907	
27	28	106	0.8771	
27	29	995	0.6428	
27	30	951	0.6793	
27	31	1658	0.6847	
27	32	911	0.8597	
27	33	941	0.6295	
27	34	1016	0.5696	C
27	35	1300	0.8879	
27	36	521	0.453	C
27	37	777	0.9115	
27	38	1192	0.7441	
27	39	956	0.8096	
27	40	1043	0.8349	
27	41	589	0.8259	
27	42	599	0.4263	C
27	43	536	0.9193	
27	44	295	0.9307	
27	45	195	0.1835	S,C
27	46	629	0.9089	
27	47	50	0.7705	
27	48	361	0.0696	S,C
28	1	185	0.7722	
28	2	288	0.969	
28	3	498	0.9081	
28	4	883	0.9214	
28	5	508	0.8663	
28	6	894	0.8647	
28	7	44	0.5553	C
28	8	542	0.8759	
28	9	1099	0.7397	
28	10	1075	0.8992	
28	11	423	0.957	
28	12	92	0.8458	
28	13	721	0.9306	
28	14	454	0.8927	
28	15	298	0.8833	
28	16	254	0.7303	
28	17	248	0.9636	
28	18	729	0.8893	
28	19	170	0.5912	C
28	20	298	0.9729	
28	21	41	0.9974	
28	22	48	0.322	C
28	23	1020	0.7627	
28	24	1040	0.7456	
28	25	706	0.3652	C
28	26	985	0.6215	
28	27	158	0.2415	C
28	28	86	0.229	C
28	29	993	0.6782	
28	30	651	0.6642	
28	31	878	0.7017	
28	32	268	0.9162	
28	33	968	0.6382	
28	34	1004	0.5176	C
28	35	84	0.5125	C
28	36	57	0.4182	C
28	37	1137	0.6028	
28	38	664	0.7497	
28	39	833	0.8692	
28	40	1242	0.4953	C
28	41	693	0.9052	
28	42	802	0.9157	
28	43	225	0.9681	
28	44	913	0.8349	
28	45	928	0.9069	
28	46	425	0.0863	S,C
28	47	59	0.5032	C
28	48	115	0.2136	C
29	1	125	0.7626	
29	2	103	0.9177	
29	3	1602	0.8835	
29	4	601	0.9236	
29	5	76	0.8482	
29	6	525	0.9386	
29	7	969	0.6254	
29	8	1287	0.7496	
29	9	502	0.934	
29	10	620	0.8042	
29	11	1106	0.5411	C
29	12	1787	0.5258	C
29	13	8	0.9582	
29	14	0	NA	
29	15	636	0.9307	
29	16	828	0.6716	
29	17	691	0.9026	
29	18	224	0.5502	C
29	19	1273	0.6786	
29	20	991	0.6358	
29	21	615	0.3539	C
29	22	1265	0.3424	C
29	23	1086	0.7975	
29	24	864	0.7638	
29	25	542	0.5352	C
29	26	951	0.7092	
29	27	801	0.6479	
29	28	930	0.6059	
29	29	667	0.8409	
29	30	430	0.6136	
29	31	1020	0.254	C
29	32	913	0.5963	C
29	33	178	0.9082	
29	34	315	0.8593	
29	35	1147	0.023	C
29	36	836	0.1523	C
29	37	66	0.7291	
29	38	1450	0.8977	
29	39	368	0.9297	
29	40	1104	0.9111	
29	41	46	0.7519	
29	42	516	0.5425	C
29	43	82	0.2781	C
29	44	827	0.5293	C
29	45	542	0.4053	C
29	46	1180	0.6961	
29	47	127	0.1702	C
29	48	593	0.7254	S
30	1	136	0.7861	
30	2	107	0.9837	
30	3	533	0.8566	
30	4	1624	0.7337	
30	5	429	0.4953	C
30	6	89	1.0442	
30	7	1039	0.2478	C
30	8	1389	0.9292	
30	9	423	0.875	
30	10	647	0.4058	C
30	11	1349	0.8421	
30	12	943	0.8548	
30	13	7	0.3873	C
30	14	1	Inf	
30	15	1085	0.4792	C
30	16	475	0.608	
30	17	352	0.9261	
30	18	588	0.9275	
30	19	1131	0.835	
30	20	1975	0.3747	C
30	21	1024	0.6139	
30	22	1183	0.9366	
30	23	992	0.7175	
30	24	649	0.4726	C
30	25	710	0.6989	
30	26	844	0.2811	C
30	27	1066	0.3596	C
30	28	593	0.649	
30	29	438	0.9693	
30	30	91	0.5355	C
30	31	1776	0.39	C
30	32	1137	0.5592	C
30	33	267	0.6002	
30	34	369	0.1169	C
30	35	1030	0.573	C
30	36	563	0.7894	
30	37	134	0.1893	C
30	38	83	0.5377	C
30	39	955	0.8921	
30	40	936	0.845	
30	41	933	0.6405	
30	42	936	0.8656	
30	43	1652	0.7426	
30	44	1394	0.0976	C
30	45	1310	0.8893	
30	46	408	0.1989	S,C
30	47	1715	0.069	C
30	48	1676	0.5881	C
31	1	208	1.0198	
31	2	181	1.01	
31	3	1200	0.5195	C
31	4	1192	0.8461	
31	5	1362	0.4733	C
31	6	1064	0.5057	C
31	7	1178	0.6917	
31	8	156	0.2517	C
31	9	92	0.4354	C
31	10	711	0.8209	
31	11	130	0.9506	
31	12	116	0.8684	
31	13	1618	0.0808	C
31	14	530	0.3716	C
31	15	1477	0.5907	C
31	16	1081	0.8392	
31	17	662	0.645	
31	18	149	0.6913	
31	19	973	0.7164	
31	20	1142	0.6571	
31	21	784	0.8755	
31	22	728	0.5472	C
31	23	1052	0.6936	
31	24	1320	0.4714	C
31	25	1304	0.5142	C
31	26	1601	0.7197	
31	27	1173	0.6433	
31	28	1583	0.5341	C
31	29	487	0.9061	
31	30	332	0.9263	
31	31	1241	0.5053	C
31	32	1196	0.9433	
31	33	1076	0.6796	
31	34	1789	0.5291	C
31	35	1038	0.6158	
31	36	1323	0.3229	C
31	37	1217	0.6432	
31	38	1474	0.9095	
31	39	91	0.1393	C
31	40	57	0.1474	C
31	41	1152	0.8828	
31	42	796	0.8617	
31	43	1458	0.7103	
31	44	1104	0.8193	
31	45	298	0.7477	
31	46	1891	0.6724	
31	47	1536	0.3184	C
31	48	1294	0.8993	
32	1	162	0.8524	
32	2	78	0.5771	C
32	3	1889	0.8951	
32	4	1677	0.8428	
32	5	1463	0.9102	
32	6	1392	0.9313	
32	7	1345	0.8784	
32	8	1420	0.8907	
32	9	680	0.8777	
32	10	1167	0.9326	
32	11	146	1.0097	
32	12	137	0.9147	
32	13	137	0.8208	
32	14	301	0.9153	
32	15	1329	0.9077	
32	16	1130	0.844	
32	17	797	0.8573	
32	18	927	0.8822	
32	19	1573	0.8799	
32	20	1336	0.94	
32	21	997	0.9448	
32	22	944	0.9542	
32	23	1163	0.9258	
32	24	1136	0.8604	
32	25	1217	0.8904	
32	26	1171	0.9236	
32	27	1202	0.8532	
32	28	1032	0.8716	
32	29	527	0.8469	
32	30	525	0.8953	
32	31	1492	0.881	
32	32	1575	0.8487	
32	33	2608	0.9039	
32	34	904	0.9004	
32	35	1333	0.7014	
32	36	1188	0.8883	
32	37	1151	0.7262	
32	38	1554	0.728	
32	39	19	0.7452	
32	40	137	0.1762	C
32	41	1926	0.2514	C
32	42	1002	0.1947	C
32	43	1257	0.5236	C
32	44	2308	0.3394	C
32	45	1662	0.7555	
32	46	1074	0.4544	C
32	47	1383	0.5684	C
32	48	2263	0.531	C
