# gitter v1.0.3 data file generated on Wed Feb 25 11:24:49 2015
# Warning possible misgridding: high count of small colony sizes, high count of low colony circularity
# Flags: S - Colony spill or edge interference, C - Low colony circularity
# row	col	size	circularity	flags
1	1	1861	0.9027	
1	2	2185	0.8287	
1	3	1049	0.8351	
1	4	191	0.8587	
1	5	1710	0.8594	
1	6	145	0.9149	
1	7	0	NA	
1	8	0	NA	
1	9	1302	0.8533	
1	10	951	0.8921	
1	11	288	0.7177	
1	12	148	0.753	
1	13	553	0.9431	
1	14	464	0.881	
1	15	1004	0.8679	
1	16	2456	0.6967	
1	17	1230	0.8731	
1	18	1460	0.8749	
1	19	1983	0.8537	
1	20	1166	0.8912	
1	21	1756	0.8864	
1	22	1141	0.8348	
1	23	1667	0.9023	
1	24	1026	0.8467	
1	25	1188	0.8647	
1	26	1226	0.8748	
1	27	4	1.078	
1	28	5	0.7355	
1	29	66	0.5441	C
1	30	106	0.9323	
1	31	833	0.8347	
1	32	905	0.8576	
1	33	556	0.9482	
1	34	185	0.796	
1	35	3	3.2341	
1	36	14	1.0297	
1	37	1580	0.892	
1	38	840	0.9193	
1	39	1248	0.8524	
1	40	741	0.9144	
1	41	1373	0.8612	
1	42	1729	0.8953	
1	43	1913	0.8326	
1	44	1505	0.866	
1	45	314	0.8761	
1	46	987	0.8786	
1	47	271	0.7728	S
1	48	1615	0.9005	
2	1	2035	0.8642	
2	2	1942	0.898	
2	3	1735	0.8496	
2	4	652	0.8706	
2	5	70	0.8834	
2	6	31	0.6684	
2	7	0	NA	
2	8	0	NA	
2	9	46	0.8092	
2	10	62	0.8575	
2	11	40	0.6738	
2	12	745	0.884	
2	13	312	0.9248	
2	14	335	0.8876	
2	15	756	0.9116	
2	16	454	0.8873	
2	17	30	0.7861	
2	18	288	0.7707	
2	19	1239	0.8411	
2	20	1202	0.9152	
2	21	734	0.8314	
2	22	316	0.8456	
2	23	1333	0.8737	
2	24	1043	0.8414	
2	25	1078	0.8696	
2	26	1246	0.8541	
2	27	0	NA	
2	28	0	NA	
2	29	43	0.8837	
2	30	60	0.6765	
2	31	659	0.7609	
2	32	176	0.8275	
2	33	72	0.7157	
2	34	105	0.6987	
2	35	0	NA	
2	36	0	NA	
2	37	1249	0.9424	
2	38	1878	0.8952	
2	39	691	0.6664	
2	40	1055	0.8741	
2	41	412	0.9118	
2	42	339	0.7843	S
2	43	541	0.6586	S
2	44	1848	0.8307	
2	45	598	0.8001	
2	46	815	0.9118	
2	47	1008	0.7565	
2	48	1893	0.8681	
3	1	545	0.8841	
3	2	1407	0.8753	
3	3	0	NA	
3	4	0	NA	
3	5	0	NA	
3	6	0	NA	
3	7	224	0.8963	
3	8	217	0.9057	
3	9	1489	0.8763	
3	10	1063	0.7612	
3	11	0	NA	
3	12	0	NA	
3	13	0	NA	
3	14	0	NA	
3	15	1273	0.792	
3	16	831	0.8804	
3	17	0	NA	
3	18	0	NA	
3	19	0	NA	
3	20	0	NA	
3	21	0	NA	
3	22	0	NA	
3	23	1149	0.8815	
3	24	890	0.8035	
3	25	1181	0.9109	
3	26	1053	0.7656	
3	27	1250	0.8656	
3	28	1346	0.7659	
3	29	1605	0.8892	
3	30	1469	0.8386	
3	31	47	0.6397	
3	32	77	0.9717	
3	33	1125	0.8645	
3	34	422	0.8622	
3	35	1228	0.8609	
3	36	1116	0.8093	
3	37	1147	0.8021	
3	38	1311	0.807	
3	39	773	0.9429	
3	40	911	0.8849	
3	41	43	0.946	
3	42	852	0.7437	
3	43	35	0.77	
3	44	20	0.5989	C
3	45	106	0.841	
3	46	1010	0.8382	
3	47	669	0.9106	
3	48	904	0.7936	
4	1	1523	0.8963	
4	2	1466	0.8303	
4	3	0	NA	
4	4	0	NA	
4	5	0	NA	
4	6	0	NA	
4	7	647	0.9119	
4	8	30	0.6696	
4	9	1004	0.8537	
4	10	696	0.894	
4	11	0	NA	
4	12	0	NA	
4	13	0	NA	
4	14	0	NA	
4	15	992	0.8541	
4	16	27	1.059	
4	17	0	NA	
4	18	0	NA	
4	19	0	NA	
4	20	0	NA	
4	21	0	NA	
4	22	0	NA	
4	23	823	0.8642	
4	24	142	0.8418	
4	25	707	0.8125	
4	26	805	0.8754	
4	27	1775	0.9191	
4	28	1092	0.944	
4	29	965	0.8748	
4	30	844	0.8941	
4	31	50	0.8274	
4	32	60	0.3993	C
4	33	792	0.6734	
4	34	1160	0.7099	
4	35	1252	0.7302	
4	36	1189	0.7301	
4	37	1113	0.8452	
4	38	1209	0.8744	
4	39	995	0.7326	
4	40	1177	0.7559	
4	41	1306	0.7339	
4	42	896	0.8335	
4	43	2519	0.7955	
4	44	999	0.9056	
4	45	682	0.8319	
4	46	872	0.8522	
4	47	1175	0.8652	
4	48	197	0.9886	
5	1	0	NA	
5	2	2	25.1327	
5	3	45	0.6852	
5	4	133	0.9566	
5	5	0	NA	
5	6	0	NA	
5	7	55	1.0786	
5	8	494	0.8709	
5	9	1312	0.8476	
5	10	1519	0.8072	
5	11	112	0.9851	
5	12	688	0.8136	
5	13	160	0.9248	
5	14	861	0.8414	
5	15	680	0.9034	
5	16	1236	0.8382	
5	17	1071	0.747	
5	18	565	0.8311	
5	19	1237	0.7722	
5	20	1056	0.8918	
5	21	0	NA	
5	22	0	NA	
5	23	1375	0.7893	
5	24	1196	0.7839	
5	25	1158	0.9254	
5	26	830	0.8793	
5	27	0	NA	
5	28	0	NA	
5	29	0	NA	
5	30	0	NA	
5	31	1565	0.8963	
5	32	1033	0.8255	
5	33	45	0.9248	
5	34	956	0.6428	
5	35	1120	0.8	
5	36	929	0.5393	C
5	37	0	NA	
5	38	1	Inf	
5	39	1786	0.6938	
5	40	1362	0.6105	
5	41	1358	0.8235	
5	42	1737	0.5375	C
5	43	34	0.748	
5	44	89	1.0288	
5	45	51	0.9378	
5	46	48	0.9235	
5	47	0	NA	
5	48	0	NA	
6	1	0	NA	
6	2	0	NA	
6	3	205	0.8901	
6	4	48	0.9235	
6	5	0	NA	
6	6	0	NA	
6	7	72	0.706	
6	8	613	0.8386	
6	9	1272	0.8918	
6	10	1272	0.8437	
6	11	483	0.944	
6	12	641	0.8663	
6	13	34	0.9405	
6	14	37	0.5176	C
6	15	860	0.815	
6	16	674	0.891	
6	17	1170	0.9059	
6	18	915	0.8548	
6	19	987	0.7564	
6	20	1079	0.9419	
6	21	0	NA	
6	22	1	Inf	
6	23	1508	0.9049	
6	24	998	0.9323	
6	25	1378	0.8118	
6	26	1193	0.9167	
6	27	0	NA	
6	28	0	NA	
6	29	0	NA	
6	30	1	Inf	
6	31	1704	0.8326	
6	32	1118	0.8513	
6	33	58	0.7895	
6	34	37	0.5411	C
6	35	1069	0.4698	C
6	36	2440	0.7144	
6	37	0	NA	
6	38	0	NA	
6	39	1375	0.5499	C
6	40	1081	0.4414	C
6	41	1070	0.5985	C
6	42	1099	0.7961	
6	43	651	0.8649	
6	44	134	0.8364	
6	45	65	0.8114	
6	46	54	0.326	C
6	47	0	NA	
6	48	0	NA	
7	1	1519	0.8769	
7	2	1512	0.8293	
7	3	988	0.8883	
7	4	1180	0.9307	
7	5	0	NA	
7	6	0	NA	
7	7	0	NA	
7	8	0	NA	
7	9	1189	0.7879	
7	10	1035	0.7301	
7	11	1248	0.8673	
7	12	1111	0.8116	
7	13	1018	0.8051	
7	14	1024	0.6885	
7	15	1545	0.7094	
7	16	47	0.7367	
7	17	42	0.7388	
7	18	40	0.8108	
7	19	1802	0.8805	
7	20	767	0.8266	
7	21	49	0.6183	
7	22	44	0.7411	
7	23	775	0.875	
7	24	685	0.9101	
7	25	468	0.8534	
7	26	1019	0.7839	
7	27	0	NA	
7	28	0	NA	
7	29	0	NA	
7	30	1	Inf	
7	31	3	3.2341	
7	32	0	NA	
7	33	630	0.6484	
7	34	713	0.6063	
7	35	986	0.8451	
7	36	996	0.9173	
7	37	0	NA	
7	38	1	Inf	
7	39	1242	0.65	
7	40	1391	0.5485	C
7	41	3	3.2341	
7	42	0	NA	
7	43	830	0.8062	
7	44	1899	0.4499	C
7	45	62	0.944	
7	46	61	0.5092	C
7	47	67	0.8917	
7	48	1330	0.8822	
8	1	1104	0.9025	
8	2	1635	0.8228	
8	3	1415	0.854	
8	4	1188	0.8329	
8	5	0	NA	
8	6	0	NA	
8	7	0	NA	
8	8	0	NA	
8	9	867	0.7107	
8	10	978	0.7313	
8	11	873	0.6252	
8	12	887	0.8616	
8	13	752	0.8305	
8	14	588	0.5849	C
8	15	48	0.9865	
8	16	47	0.6501	
8	17	33	0.656	
8	18	47	0.3408	C
8	19	1329	0.8464	
8	20	338	0.8207	
8	21	29	0.8022	
8	22	53	0.6447	
8	23	954	0.8912	
8	24	946	0.9285	
8	25	1267	0.8654	
8	26	1710	0.8855	
8	27	5	0.7355	
8	28	0	NA	
8	29	4	1.4797	
8	30	0	NA	
8	31	0	NA	
8	32	1	Inf	
8	33	509	0.5596	C
8	34	570	0.8556	
8	35	1453	0.6298	
8	36	839	0.5023	C
8	37	1	Inf	
8	38	3	3.2341	
8	39	1148	0.6041	
8	40	1014	0.5667	C
8	41	0	NA	
8	42	0	NA	
8	43	1513	0.8083	
8	44	1461	0.6477	
8	45	72	0.773	
8	46	84	0.8465	
8	47	1028	0.8293	
8	48	993	0.8964	
9	1	0	NA	
9	2	0	NA	
9	3	0	NA	
9	4	0	NA	
9	5	597	0.8782	
9	6	868	0.9155	
9	7	138	0.9653	
9	8	1424	0.8757	
9	9	1249	0.8002	
9	10	961	0.8423	
9	11	699	0.7543	
9	12	716	0.8776	
9	13	1038	0.8231	
9	14	2365	0.8159	
9	15	1164	0.7182	
9	16	907	0.827	
9	17	160	0.6885	
9	18	234	0.8251	
9	19	1018	0.7592	
9	20	1051	0.864	
9	21	1934	0.8584	
9	22	46	0.8733	
9	23	949	0.8813	
9	24	1107	0.8618	
9	25	8	0.7398	
9	26	6	0.4707	C
9	27	8	0.7398	
9	28	10	0.9248	
9	29	2	25.1327	
9	30	4	1.078	
9	31	1390	0.7898	
9	32	1883	0.7169	
9	33	6	1.2861	
9	34	4	1.078	
9	35	986	0.4187	C
9	36	305	0.5936	C
9	37	2	25.1327	
9	38	1	Inf	
9	39	0	NA	
9	40	3	3.2341	
9	41	4	1.078	
9	42	0	NA	
9	43	0	NA	
9	44	2	25.1327	
9	45	75	0.6261	
9	46	1331	0.8693	
9	47	1368	0.6132	
9	48	1561	0.9012	
10	1	0	NA	
10	2	0	NA	
10	3	0	NA	
10	4	0	NA	
10	5	710	0.8673	
10	6	316	0.8972	
10	7	56	0.8527	
10	8	203	0.9271	
10	9	882	0.8694	
10	10	360	0.3728	C
10	11	828	0.7299	
10	12	759	0.8976	
10	13	1730	0.8453	
10	14	1044	0.8288	
10	15	978	0.8902	
10	16	612	0.778	
10	17	328	0.7926	
10	18	1063	0.8656	
10	19	1514	0.9085	
10	20	791	0.9073	
10	21	2419	0.8532	
10	22	1998	0.3745	C
10	23	850	0.9388	
10	24	1279	0.9358	
10	25	0	NA	
10	26	1	Inf	
10	27	9	0.4716	C
10	28	0	NA	
10	29	6	0.4707	C
10	30	5	0.7355	
10	31	1156	0.6115	
10	32	1013	0.6206	
10	33	4	1.078	
10	34	0	NA	
10	35	605	0.4624	C
10	36	879	0.5665	C
10	37	6	1.2861	
10	38	7	0.9433	
10	39	7	0.9433	
10	40	4	1.078	
10	41	2	25.1327	
10	42	0	NA	
10	43	0	NA	
10	44	0	NA	
10	45	823	0.8433	
10	46	1096	0.8759	
10	47	1238	0.852	
10	48	833	0.7941	
11	1	0	NA	
11	2	0	NA	
11	3	112	0.8122	
11	4	1588	0.8718	
11	5	0	NA	
11	6	0	NA	
11	7	89	0.6857	
11	8	44	1.0936	
11	9	427	0.9204	
11	10	965	0.5758	C
11	11	1285	0.6834	
11	12	687	0.9095	
11	13	2	25.1327	
11	14	7	0.3873	C
11	15	1018	0.729	
11	16	1150	0.8071	
11	17	1405	0.8669	
11	18	1615	0.8471	
11	19	8	0.7398	
11	20	2	25.1327	
11	21	60	0.4351	C
11	22	1023	0.8038	
11	23	953	0.8813	
11	24	388	0.8586	
11	25	451	0.811	
11	26	600	0.7971	
11	27	1316	0.7789	
11	28	2005	0.7454	
11	29	6	0.4707	C
11	30	8	0.7398	
11	31	1363	0.645	
11	32	1602	0.5063	C
11	33	491	0.544	C
11	34	611	0.5349	C
11	35	715	0.5587	C
11	36	754	0.5502	C
11	37	2019	0.4419	C
11	38	1878	0.4305	C
11	39	1143	0.5437	C
11	40	943	0.52	C
11	41	3	3.2341	
11	42	3	3.2341	
11	43	1004	0.8412	
11	44	586	0.9366	
11	45	76	0.9244	
11	46	101	0.6373	
11	47	3	3.2341	
11	48	12	0.2774	C
12	1	0	NA	
12	2	0	NA	
12	3	636	0.8853	
12	4	632	0.9416	
12	5	0	NA	
12	6	0	NA	
12	7	435	0.8502	
12	8	50	0.7613	
12	9	870	0.6675	
12	10	547	0.8267	
12	11	819	0.5433	C
12	12	1023	0.5906	C
12	13	6	1.2303	
12	14	0	NA	
12	15	446	0.525	C
12	16	1015	0.7179	
12	17	518	0.6966	
12	18	51	0.6578	
12	19	4	1.078	
12	20	6	1.2861	
12	21	42	0.6215	
12	22	63	0.9213	
12	23	698	0.8243	
12	24	59	0.8031	
12	25	349	0.8022	
12	26	1197	0.6758	
12	27	1126	0.3773	C
12	28	1183	0.5953	C
12	29	6	0.5549	C
12	30	6	0.4707	C
12	31	1211	0.4164	C
12	32	1161	0.5506	C
12	33	70	0.7812	
12	34	129	0.7272	
12	35	1289	0.5463	C
12	36	844	0.5331	C
12	37	1630	0.4804	C
12	38	2357	0.3356	C
12	39	1113	0.5952	C
12	40	864	0.5845	C
12	41	9	0.5712	C
12	42	5	0.7355	
12	43	827	0.7219	
12	44	590	0.9186	
12	45	87	0.7263	
12	46	106	0.6616	
12	47	8	0.2942	C
12	48	0	NA	
13	1	2591	0.9139	
13	2	1827	0.7843	
13	3	1141	0.8641	
13	4	1083	0.8542	
13	5	665	0.6992	
13	6	1335	0.8574	
13	7	0	NA	
13	8	0	NA	
13	9	316	0.92	
13	10	94	0.4107	C
13	11	1190	0.4809	C
13	12	1209	0.8208	
13	13	40	0.4742	C
13	14	56	0.671	
13	15	531	0.6936	
13	16	930	0.7232	
13	17	898	0.675	
13	18	1364	0.8388	
13	19	8	0.6899	
13	20	10	0.9248	
13	21	535	0.8782	
13	22	59	0.334	C
13	23	192	0.7616	
13	24	903	0.4367	C
13	25	210	0.6661	
13	26	367	0.5866	C
13	27	705	0.4875	C
13	28	958	0.4264	C
13	29	1398	0.4492	C
13	30	1553	0.353	C
13	31	30	0.5883	C
13	32	399	0.5526	C
13	33	278	0.6673	
13	34	359	0.9773	
13	35	82	0.4213	C
13	36	156	0.9488	
13	37	854	0.5125	C
13	38	820	0.8974	
13	39	921	0.6131	
13	40	864	0.6233	
13	41	660	0.8117	
13	42	814	0.9355	
13	43	1113	0.6851	
13	44	1504	0.8491	
13	45	739	0.8972	
13	46	702	0.944	
13	47	8	0.6899	
13	48	25	0.6806	
14	1	174	0.957	
14	2	419	0.8023	
14	3	263	0.981	
14	4	130	0.899	
14	5	1124	0.6562	
14	6	1366	0.8598	
14	7	0	NA	
14	8	0	NA	
14	9	624	0.6905	
14	10	145	0.9079	
14	11	801	0.5054	C
14	12	2248	0.6452	
14	13	75	0.4113	C
14	14	2197	0.6914	
14	15	1213	0.698	
14	16	693	0.5977	C
14	17	678	0.6666	
14	18	471	0.5765	C
14	19	1	Inf	
14	20	5	0.7355	
14	21	90	0.2274	C
14	22	1452	0.4619	C
14	23	37	1.0822	
14	24	40	0.5821	C
14	25	306	0.408	C
14	26	156	0.5938	C
14	27	946	0.52	C
14	28	991	0.5478	C
14	29	1308	0.4405	C
14	30	955	0.8832	
14	31	164	0.8569	
14	32	669	0.8463	
14	33	160	0.822	
14	34	156	0.7828	
14	35	137	0.6025	
14	36	108	0.5331	C
14	37	858	0.9433	
14	38	877	0.5263	C
14	39	1207	0.4689	C
14	40	753	0.3586	S,C
14	41	782	0.8653	
14	42	1151	0.9373	
14	43	1356	0.811	
14	44	1401	0.4169	C
14	45	1046	0.778	
14	46	1495	0.8941	
14	47	14	1.4354	
14	48	24	0.643	
15	1	107	0.8146	
15	2	598	0.7681	
15	3	958	0.8563	
15	4	1217	0.8563	
15	5	0	NA	
15	6	1	Inf	
15	7	43	0.8273	
15	8	58	0.8022	
15	9	0	NA	
15	10	0	NA	
15	11	228	0.9433	
15	12	461	0.8048	
15	13	63	0.4206	C
15	14	334	0.4437	C
15	15	1293	0.6639	
15	16	267	0.9414	
15	17	947	0.6757	
15	18	42	0.695	
15	19	638	0.5834	C
15	20	560	0.5157	C
15	21	9	0.5712	C
15	22	6	0.5549	C
15	23	873	0.4487	C
15	24	897	0.3628	C
15	25	5	3.2246	
15	26	10	0.411	C
15	27	383	0.915	
15	28	652	0.4134	C
15	29	7	0.8673	
15	30	7	0.9433	
15	31	881	0.5144	C
15	32	958	0.6168	
15	33	489	0.4446	C
15	34	594	0.6133	
15	35	766	0.485	C
15	36	870	0.582	C
15	37	2	25.1327	
15	38	11	0.7411	
15	39	1035	0.8861	
15	40	1123	0.9059	
15	41	4	1.4797	
15	42	4	1.078	
15	43	82	0.8151	
15	44	406	0.8526	
15	45	2088	0.4242	C
15	46	896	0.7853	
15	47	751	0.8167	
15	48	582	0.9061	
16	1	88	0.5595	C
16	2	71	0.611	
16	3	881	0.9	
16	4	534	0.9158	
16	5	0	NA	
16	6	0	NA	
16	7	74	0.4501	C
16	8	44	0.5765	C
16	9	0	NA	
16	10	0	NA	
16	11	712	0.519	C
16	12	264	0.6223	
16	13	78	0.4508	C
16	14	15	0.7861	
16	15	700	0.9189	
16	16	714	0.5416	C
16	17	46	0.6191	
16	18	40	0.524	C
16	19	662	0.4085	C
16	20	659	0.454	C
16	21	6	1.2861	
16	22	0	NA	
16	23	817	0.4412	C
16	24	384	0.4556	C
16	25	7	0.9433	
16	26	10	0.9248	
16	27	277	0.9767	
16	28	53	0.5714	C
16	29	8	0.3288	C
16	30	5	0.7355	
16	31	680	0.9256	
16	32	890	0.9531	
16	33	242	0.5028	C
16	34	1387	0.2608	C
16	35	632	0.5216	C
16	36	529	0.9198	
16	37	8	0.7398	
16	38	7	0.3873	C
16	39	1044	0.8234	
16	40	500	0.9171	
16	41	8	0.5528	C
16	42	5	0.7355	
16	43	429	0.9581	
16	44	155	0.7426	
16	45	420	0.8506	
16	46	1083	0.8331	
16	47	484	0.8533	
16	48	593	0.9354	
17	1	1281	0.6719	
17	2	1625	0.732	
17	3	53	0.5446	C
17	4	762	0.7479	
17	5	59	0.5475	C
17	6	52	0.6393	
17	7	1600	0.5212	C
17	8	1154	0.4253	C
17	9	1162	0.4974	C
17	10	392	0.9428	
17	11	1134	0.5647	C
17	12	1411	0.5638	C
17	13	1540	0.6149	
17	14	487	0.9191	
17	15	947	0.4837	C
17	16	722	0.4127	C
17	17	8	0.7398	
17	18	5	0.7355	
17	19	820	0.5204	C
17	20	1173	0.561	C
17	21	5	0.7355	
17	22	13	0.6462	
17	23	926	0.7591	
17	24	903	0.8386	
17	25	990	0.5729	C
17	26	237	0.9892	
17	27	3	3.2341	
17	28	15	0.4315	C
17	29	1342	0.4692	C
17	30	871	0.4814	C
17	31	601	0.8684	
17	32	463	0.9518	
17	33	1140	0.8874	
17	34	1140	0.8215	
17	35	17	0.5627	C
17	36	51	0.9378	
17	37	1279	0.8812	
17	38	1178	0.8436	
17	39	1050	0.8748	
17	40	935	0.9082	
17	41	970	0.9286	
17	42	1356	0.5964	C
17	43	528	0.8883	
17	44	871	0.9327	
17	45	82	0.7996	
17	46	83	0.8734	
17	47	672	0.7388	
17	48	1259	0.9212	
18	1	1844	0.8071	
18	2	586	0.8543	
18	3	40	0.822	
18	4	58	0.5765	C
18	5	166	0.9525	
18	6	54	0.8222	
18	7	842	0.9402	
18	8	539	0.8946	
18	9	1391	0.4742	C
18	10	1798	0.497	C
18	11	1131	0.4407	C
18	12	332	0.5102	C
18	13	1968	0.5897	C
18	14	874	0.4159	C
18	15	745	0.9027	
18	16	1128	0.4838	C
18	17	0	NA	
18	18	4	1.4797	
18	19	750	0.5291	C
18	20	599	0.5392	C
18	21	6	0.8826	
18	22	5	0.9248	
18	23	805	0.8891	
18	24	1107	0.5342	C
18	25	2000	0.3991	C
18	26	173	0.5604	C
18	27	8	0.539	C
18	28	1	Inf	
18	29	1224	0.4515	C
18	30	427	0.9304	
18	31	99	0.7759	
18	32	78	0.6135	
18	33	1765	0.3415	C
18	34	871	0.8953	
18	35	16	0.8852	
18	36	22	1.2172	
18	37	779	0.6781	
18	38	1034	0.842	
18	39	870	0.9275	
18	40	1364	0.8865	
18	41	686	0.9501	
18	42	426	0.9576	
18	43	1992	0.8929	
18	44	1334	0.9001	
18	45	83	0.825	
18	46	80	0.7696	
18	47	1660	0.7367	
18	48	1375	0.8757	
19	1	0	NA	
19	2	0	NA	
19	3	1350	0.6743	
19	4	1212	0.3371	C
19	5	0	NA	
19	6	1	Inf	
19	7	1096	0.8995	
19	8	1204	0.8472	
19	9	566	0.9576	
19	10	1190	0.4874	C
19	11	803	0.942	
19	12	800	0.9237	
19	13	0	NA	
19	14	7	0.9433	
19	15	909	0.9188	
19	16	920	0.41	C
19	17	3	3.2341	
19	18	2	25.1327	
19	19	1517	0.4236	C
19	20	1380	0.46	C
19	21	251	0.7575	
19	22	244	0.8921	
19	23	6	0.4707	C
19	24	4	1.4797	
19	25	282	0.7124	
19	26	471	0.864	
19	27	1163	0.8923	
19	28	1132	0.8928	
19	29	152	0.9244	
19	30	329	0.8804	
19	31	6	0.5549	C
19	32	10	0.524	C
19	33	961	0.9571	
19	34	379	0.9202	
19	35	1230	0.908	
19	36	1688	0.8768	
19	37	794	0.8541	
19	38	709	0.855	
19	39	6	1.2861	
19	40	20	0.9731	
19	41	1057	0.9137	
19	42	653	0.8934	
19	43	12	0.4932	C
19	44	6	0.5549	C
19	45	0	NA	
19	46	5	0.7355	
19	47	1162	0.8047	
19	48	944	0.8819	
20	1	0	NA	
20	2	0	NA	
20	3	1515	0.8845	
20	4	1069	0.8872	
20	5	1	Inf	
20	6	0	NA	
20	7	1015	0.9073	
20	8	1357	0.6275	
20	9	756	0.9013	
20	10	726	0.8557	
20	11	1204	0.4374	C
20	12	299	0.866	
20	13	7	0.9433	
20	14	4	1.078	
20	15	862	0.874	
20	16	158	1.035	
20	17	4	1.078	
20	18	1	Inf	
20	19	1073	0.5457	C
20	20	1097	0.3779	C
20	21	72	0.9959	
20	22	64	0.7142	
20	23	9	0.5712	C
20	24	3	9.4248	
20	25	235	0.8766	
20	26	69	0.6488	
20	27	545	0.8644	
20	28	1178	0.8574	
20	29	44	0.7601	
20	30	62	0.9067	
20	31	16	0.5629	C
20	32	10	0.9248	
20	33	826	0.9081	
20	34	494	0.859	
20	35	1129	0.9369	
20	36	1034	0.8557	
20	37	797	0.9412	
20	38	891	0.8707	
20	39	12	0.5839	C
20	40	14	0.9433	
20	41	1499	0.8793	
20	42	1013	0.8109	
20	43	12	0.8826	
20	44	9	1.2128	
20	45	10	0.8624	
20	46	88	0.0673	C
20	47	872	0.944	
20	48	817	0.8053	
21	1	1130	0.8481	
21	2	379	0.8851	
21	3	75	0.5047	C
21	4	112	0.7963	
21	5	2403	0.5502	C
21	6	635	0.6	C
21	7	1277	0.4774	C
21	8	479	0.8699	
21	9	0	NA	
21	10	0	NA	
21	11	839	0.832	
21	12	805	0.885	
21	13	0	NA	
21	14	7	0.8673	
21	15	843	0.8835	
21	16	1147	0.88	
21	17	352	0.9261	
21	18	972	0.8899	
21	19	6	1.2861	
21	20	4	1.4797	
21	21	1005	0.4896	C
21	22	112	0.9978	
21	23	1328	0.4386	C
21	24	642	0.8357	
21	25	276	0.9732	
21	26	885	0.8337	
21	27	875	0.9171	
21	28	910	0.8587	
21	29	779	0.9243	
21	30	1015	0.8824	
21	31	1167	0.9036	
21	32	1478	0.9045	
21	33	1035	0.8508	
21	34	1136	0.9079	
21	35	67	0.5162	C
21	36	153	0.738	
21	37	128	0.9206	
21	38	102	0.8699	
21	39	26	0.5343	C
21	40	16	1.4797	
21	41	1046	0.8715	
21	42	499	0.7811	
21	43	1062	0.873	
21	44	1940	0.623	
21	45	122	0.8775	
21	46	668	0.8831	
21	47	1514	0.894	
21	48	1779	0.535	C
22	1	360	0.8741	
22	2	308	0.8745	
22	3	609	0.8478	
22	4	1039	0.5649	C
22	5	969	0.882	
22	6	576	0.8442	
22	7	575	0.912	
22	8	873	0.9349	
22	9	0	NA	
22	10	0	NA	
22	11	1125	0.8991	
22	12	903	0.8901	
22	13	0	NA	
22	14	7	0.9433	
22	15	1100	0.929	
22	16	1131	0.892	
22	17	488	0.7992	
22	18	515	0.9006	
22	19	8	0.7398	
22	20	6	0.4707	C
22	21	1051	0.499	C
22	22	936	0.8485	
22	23	441	0.8854	
22	24	56	0.9851	
22	25	1384	0.8814	
22	26	917	0.9298	
22	27	1678	0.881	
22	28	689	0.8544	
22	29	1021	0.9255	
22	30	1156	0.8999	
22	31	754	0.8989	
22	32	1061	0.9353	
22	33	1245	0.9429	
22	34	730	0.9052	
22	35	81	0.2996	C
22	36	48	0.8443	
22	37	97	0.4604	C
22	38	420	0.9591	
22	39	20	0.662	
22	40	13	0.8759	
22	41	1024	0.8732	
22	42	562	0.9032	
22	43	590	0.9358	
22	44	874	0.4757	C
22	45	1068	0.8535	
22	46	154	0.1564	C
22	47	804	0.8799	
22	48	1970	0.8794	
23	1	1411	0.9062	
23	2	1537	0.8861	
23	3	69	0.709	
23	4	70	0.4622	C
23	5	1077	0.8973	
23	6	555	0.8062	
23	7	851	0.7893	
23	8	980	0.8472	
23	9	469	0.8726	
23	10	1013	0.9055	
23	11	1438	0.8903	
23	12	1315	0.9027	
23	13	6	1.2861	
23	14	7	0.9433	
23	15	1394	0.3818	C
23	16	1013	0.9275	
23	17	504	0.8814	
23	18	697	0.8282	
23	19	45	0.843	
23	20	420	0.8688	
23	21	1119	0.8778	
23	22	407	0.9723	
23	23	63	0.6538	
23	24	61	0.6643	
23	25	738	0.9046	
23	26	503	0.8919	
23	27	880	0.9466	
23	28	864	0.9396	
23	29	480	0.9722	
23	30	424	0.9383	
23	31	180	1.0147	
23	32	106	0.7842	
23	33	569	0.9195	
23	34	64	0.4931	C
23	35	1060	0.7478	
23	36	1067	0.9224	
23	37	1488	0.8786	
23	38	975	0.8123	
23	39	95	0.828	
23	40	101	0.8254	
23	41	257	0.3843	C
23	42	210	0.7768	
23	43	1041	0.8398	
23	44	1366	0.8773	
23	45	118	0.5223	C
23	46	288	0.7977	
23	47	0	NA	
23	48	27	0.7234	
24	1	1287	0.861	
24	2	1138	0.8252	
24	3	63	0.5259	C
24	4	36	0.5884	C
24	5	353	0.7862	
24	6	433	0.9582	
24	7	1466	0.4222	C
24	8	1108	0.7885	
24	9	576	0.7949	
24	10	170	0.7643	
24	11	1026	0.9134	
24	12	1202	0.9307	
24	13	5	0.7355	
24	14	4	1.078	
24	15	928	0.934	
24	16	1405	0.4213	C
24	17	499	0.8848	
24	18	131	1.0094	
24	19	226	0.9043	
24	20	70	0.9528	
24	21	837	0.9346	
24	22	787	0.9233	
24	23	60	0.3622	C
24	24	43	0.8273	
24	25	1065	0.6743	
24	26	280	0.976	
24	27	878	0.8707	
24	28	594	0.8738	
24	29	518	0.9185	
24	30	504	0.9245	
24	31	219	0.8763	
24	32	2127	0.8443	
24	33	217	0.8608	
24	34	88	0.2905	C
24	35	910	0.7292	
24	36	1108	0.5012	C
24	37	629	0.8976	
24	38	102	0.4132	C
24	39	106	0.3674	C
24	40	108	0.4029	C
24	41	142	0.3464	C
24	42	153	0.5177	C
24	43	1256	0.9108	
24	44	1439	0.7046	
24	45	563	0.895	
24	46	169	0.7598	
24	47	13	0.7192	
24	48	38	0.6401	
25	1	922	0.9088	
25	2	605	0.8966	
25	3	0	NA	
25	4	0	NA	
25	5	1524	0.3994	C
25	6	802	0.926	
25	7	0	NA	
25	8	0	NA	
25	9	68	0.7056	
25	10	370	0.8544	
25	11	506	0.9282	
25	12	1407	0.8443	
25	13	12	1.617	
25	14	27	0.8568	
25	15	881	0.302	C
25	16	1361	0.892	
25	17	1061	0.8535	
25	18	1272	0.851	
25	19	6	0.5549	C
25	20	10	0.9248	
25	21	976	0.852	
25	22	998	0.6869	
25	23	11	0.6981	
25	24	18	1.3239	
25	25	549	0.9236	
25	26	186	1.0127	
25	27	10	0.6504	
25	28	28	0.1488	C
25	29	1735	0.5266	C
25	30	790	0.3922	C
25	31	18	0.9227	
25	32	27	0.4965	C
25	33	95	0.4999	C
25	34	76	0.5057	C
25	35	1357	0.7266	
25	36	1446	0.7044	
25	37	340	0.4628	C
25	38	244	0.78	
25	39	139	0.1521	C
25	40	91	0.3062	C
25	41	1242	0.8685	
25	42	1440	0.8958	
25	43	8	0.6899	
25	44	14	0.4925	C
25	45	10	0.5989	C
25	46	3	3.2341	
25	47	4	12.5664	
25	48	18	0.9227	
26	1	577	0.8642	
26	2	665	0.921	
26	3	2	25.1327	
26	4	0	NA	
26	5	794	0.921	
26	6	469	0.8282	
26	7	0	NA	
26	8	2	25.1327	
26	9	201	0.7498	
26	10	503	0.8868	
26	11	2055	0.8944	
26	12	311	0.5671	C
26	13	6	0.5549	C
26	14	7	0.9433	
26	15	1171	0.86	
26	16	570	0.9461	
26	17	1374	0.8811	
26	18	211	0.8622	
26	19	9	0.7762	
26	20	8	0.6899	
26	21	1195	0.7503	
26	22	822	0.8747	
26	23	19	0.9244	
26	24	9	0.5712	C
26	25	328	0.9795	
26	26	249	0.861	
26	27	14	0.3237	C
26	28	5	5.3901	
26	29	1172	0.8238	
26	30	1312	0.9039	
26	31	22	0.8091	
26	32	11	0.6086	
26	33	82	0.5118	C
26	34	89	0.5573	C
26	35	966	0.2443	C
26	36	1211	0.692	
26	37	193	0.7886	
26	38	535	0.888	
26	39	99	0.3083	C
26	40	138	0.1691	C
26	41	1581	0.92	
26	42	302	0.8638	
26	43	43	0.9942	
26	44	36	0.2718	C
26	45	6	2.3562	
26	46	132	0.0938	C
26	47	4	1.078	
26	48	36	0.8499	
27	1	0	NA	
27	2	0	NA	
27	3	1316	0.9341	
27	4	562	0.9455	
27	5	1736	0.762	
27	6	74	0.2025	C
27	7	85	0.6289	
27	8	378	0.8886	
27	9	85	0.4582	C
27	10	192	0.9413	
27	11	0	NA	
27	12	28	0.4192	C
27	13	61	0.7052	
27	14	415	0.9389	
27	15	4	1.078	
27	16	8	0.7398	
27	17	503	0.8462	
27	18	99	0.8369	
27	19	10	0.524	C
27	20	9	0.4716	C
27	21	249	0.861	
27	22	186	0.9119	
27	23	272	0.9225	
27	24	153	0.6816	
27	25	1043	0.6259	
27	26	623	0.9451	
27	27	14	0.8385	
27	28	28	0.625	
27	29	30	0.1662	C
27	30	21	0.695	
27	31	1190	0.607	
27	32	1047	0.7738	
27	33	12	0.8826	
27	34	19	0.8786	
27	35	1271	0.5865	C
27	36	833	0.8692	
27	37	325	0.9002	
27	38	414	0.8964	
27	39	12	1.3278	
27	40	14	0.2877	C
27	41	0	NA	
27	42	20	0.3269	C
27	43	29	0.2379	C
27	44	35	0.1516	C
27	45	122	0.8303	
27	46	140	0.3513	C
27	47	213	0.2628	C
27	48	285	0.3015	S,C
28	1	0	NA	
28	2	0	NA	
28	3	1460	0.9158	
28	4	424	0.9531	
28	5	1111	0.3137	C
28	6	178	0.1589	C
28	7	1408	0.8688	
28	8	108	0.1931	C
28	9	185	0.878	
28	10	60	0.3053	C
28	11	60	0.2715	C
28	12	13	0.374	C
28	13	78	0.7905	
28	14	75	0.7215	
28	15	24	0.2111	C
28	16	28	0.1721	C
28	17	140	0.6708	
28	18	90	0.3105	C
28	19	27	0.4091	C
28	20	9	0.9227	
28	21	104	0.9872	
28	22	166	0.1296	C
28	23	108	0.1314	C
28	24	71	0.2816	C
28	25	943	0.5626	C
28	26	863	0.5208	C
28	27	39	0.3121	C
28	28	12	0.3452	C
28	29	70	0.0968	C
28	30	2	25.1327	
28	31	1087	0.7228	
28	32	577	0.8867	
28	33	18	0.8758	
28	34	1	Inf	
28	35	782	0.2613	C
28	36	445	0.9345	
28	37	154	0.4507	C
28	38	491	0.9458	
28	39	17	0.4454	C
28	40	25	0.2485	C
28	41	16	0.5077	C
28	42	28	0.3018	C
28	43	199	0.1056	C
28	44	53	0.1368	C
28	45	145	0.3281	C
28	46	190	0.0992	C
28	47	262	0.7133	
28	48	313	0.0839	S,C
29	1	115	0.6217	
29	2	88	0.9353	
29	3	29	0.4469	C
29	4	63	0.4661	C
29	5	1317	0.6967	
29	6	1397	0.6512	
29	7	167	0.8462	
29	8	894	0.8559	
29	9	135	0.3303	C
29	10	1965	0.7175	
29	11	1483	0.8699	
29	12	1295	0.7971	
29	13	0	NA	
29	14	7	0.9433	
29	15	950	0.8492	
29	16	915	0.9113	
29	17	936	0.7652	
29	18	1460	0.8812	
29	19	1659	0.8131	
29	20	1445	0.5562	C
29	21	908	0.8457	
29	22	2257	0.4454	C
29	23	2216	0.6188	
29	24	576	0.6969	
29	25	1421	0.4348	C
29	26	1334	0.533	C
29	27	896	0.5359	C
29	28	1291	0.4153	C
29	29	480	0.5808	C
29	30	608	0.8464	
29	31	1161	0.5541	C
29	32	1107	0.7721	
29	33	1243	0.5336	C
29	34	1293	0.5949	C
29	35	400	0.298	C
29	36	2573	0.5341	C
29	37	111	0.4926	C
29	38	1238	0.9139	
29	39	870	0.8612	
29	40	1049	0.8383	
29	41	1758	0.6362	
29	42	1565	0.6136	
29	43	109	0.8648	
29	44	174	0.6802	
29	45	1625	0.2697	C
29	46	1269	0.3648	C
29	47	1663	0.3027	C
29	48	2234	0.5588	C
30	1	349	0.9569	
30	2	37	0.8554	
30	3	88	0.1611	C
30	4	643	0.9176	
30	5	988	0.8575	
30	6	2181	0.8434	
30	7	325	0.3694	C
30	8	230	0.261	C
30	9	2067	0.8694	
30	10	1533	0.895	
30	11	283	0.8119	
30	12	659	0.9193	
30	13	19	0.2069	C
30	14	12	0.8085	
30	15	678	0.8535	
30	16	447	0.8662	
30	17	1217	0.9301	
30	18	120	0.7774	
30	19	346	0.8598	
30	20	1418	0.7593	
30	21	836	0.9091	
30	22	823	0.9292	
30	23	921	0.9269	
30	24	177	0.3798	C
30	25	1524	0.8757	
30	26	478	0.9208	
30	27	1485	0.4115	C
30	28	939	0.576	C
30	29	1209	0.5546	C
30	30	192	0.4771	C
30	31	956	0.8968	
30	32	560	0.6591	
30	33	934	0.8762	
30	34	793	0.9024	
30	35	2070	0.1747	S,C
30	36	3361	0.1489	S,C
30	37	124	0.4859	C
30	38	288	0.841	
30	39	1210	0.9248	
30	40	779	0.6509	
30	41	1254	0.3557	C
30	42	1151	0.727	
30	43	581	0.4016	S,C
30	44	178	0.8259	
30	45	823	0.1529	C
30	46	2032	0.122	C
30	47	1372	0.3819	C
30	48	2046	0.9107	
31	1	100	0.9074	
31	2	104	0.6119	
31	3	3057	0.7797	
31	4	1877	0.6166	
31	5	7	0.3873	C
31	6	0	NA	
31	7	223	0.9682	
31	8	338	0.9136	
31	9	0	NA	
31	10	6	1.2861	
31	11	13	0.7192	
31	12	12	0.6639	
31	13	660	0.892	
31	14	1415	0.7495	
31	15	39	0.858	
31	16	30	0.7456	
31	17	30	0.8984	
31	18	27	1.2485	
31	19	913	0.6997	
31	20	958	0.5625	C
31	21	30	1.0106	
31	22	38	1.1114	
31	23	36	1.2128	
31	24	34	0.8451	
31	25	47	0.9659	
31	26	59	0.8628	
31	27	1248	0.4288	C
31	28	796	0.3307	C
31	29	38	0.8971	
31	30	66	0.8458	
31	31	609	0.8091	
31	32	717	0.8891	
31	33	33	0.6265	
31	34	35	0.6734	
31	35	560	0.2396	S,C
31	36	181	0.1996	C
31	37	1205	0.5213	C
31	38	1025	0.7988	
31	39	1071	0.5906	C
31	40	1382	0.6867	
31	41	240	0.2593	S,C
31	42	203	0.4076	C
31	43	31	0.3376	C
31	44	558	0.0816	C
31	45	27	0.1882	C
31	46	539	0.0878	S,C
31	47	910	0.0588	S,C
31	48	83	0.2053	S,C
32	1	540	0.9466	
32	2	108	0.647	
32	3	468	0.9015	
32	4	121	0.8952	
32	5	0	NA	
32	6	1	Inf	
32	7	715	0.9032	
32	8	132	0.8329	
32	9	5	0.7355	
32	10	15	0.66	
32	11	14	0.6037	
32	12	117	0.112	C
32	13	1246	0.1062	C
32	14	2011	0.4934	C
32	15	17	0.3989	C
32	16	14	0.5149	C
32	17	38	0.7658	
32	18	19	0.3386	C
32	19	669	0.9152	
32	20	1341	0.8746	
32	21	49	0.9875	
32	22	109	0.4149	C
32	23	32	1.1768	
32	24	23	0.7947	
32	25	101	0.9716	
32	26	50	1.0276	
32	27	1511	0.8893	
32	28	1443	0.8934	
32	29	67	0.8586	
32	30	49	0.9796	
32	31	204	0.3399	C
32	32	1239	0.9264	
32	33	62	1.0009	
32	34	40	0.627	
32	35	1767	0.8788	
32	36	217	0.3895	C
32	37	1805	0.5955	C
32	38	1380	0.6058	
32	39	479	0.3	S,C
32	40	1762	0.0803	S,C
32	41	626	0.2852	S,C
32	42	358	0.1674	S,C
32	43	122	0.1837	S,C
32	44	177	0.113	S,C
32	45	76	0.1787	C
32	46	81	0.1411	S,C
32	47	90	0.1744	C
32	48	144	0.2025	S,C
