# gitter v1.0.3 data file generated on Wed Feb 25 11:25:00 2015
# Warning possible misgridding: high count of small colony sizes, high count of low colony circularity
# Flags: S - Colony spill or edge interference, C - Low colony circularity
# row	col	size	circularity	flags
1	1	142	0.8863	
1	2	144	0.8323	
1	3	1137	0.8565	
1	4	1128	0.8897	
1	5	1446	0.8879	
1	6	1086	0.8645	
1	7	552	0.8224	
1	8	862	0.9132	
1	9	1470	0.907	
1	10	1365	0.8946	
1	11	1660	0.7953	
1	12	1281	0.8467	
1	13	1304	0.9175	
1	14	1089	0.8987	
1	15	0	NA	
1	16	0	NA	
1	17	0	NA	
1	18	0	NA	
1	19	1849	0.895	
1	20	1433	0.8366	
1	21	1216	0.8046	
1	22	12	0.4222	C
1	23	0	NA	
1	24	0	NA	
1	25	392	0.9741	
1	26	49	0.7642	
1	27	1366	0.9217	
1	28	356	0.8994	
1	29	1141	0.8348	
1	30	1080	0.9121	
1	31	1618	0.829	
1	32	1610	0.9264	
1	33	1260	0.837	
1	34	1314	0.9246	
1	35	1485	0.81	
1	36	1566	0.8703	
1	37	1513	0.9079	
1	38	1426	0.8298	
1	39	1752	0.8687	
1	40	1731	0.906	
1	41	580	0.9199	
1	42	822	0.8979	
1	43	45	0.99	
1	44	1021	0.8755	
1	45	70	0.77	
1	46	224	0.8703	
1	47	122	0.7904	
1	48	1118	0.8591	
2	1	129	0.845	
2	2	70	0.6645	
2	3	1050	0.9077	
2	4	624	0.8015	
2	5	978	0.8865	
2	6	1007	0.8705	
2	7	487	0.8808	
2	8	396	0.8497	
2	9	1477	0.8742	
2	10	756	0.8729	
2	11	652	0.8559	S
2	12	921	0.8908	
2	13	1177	0.937	
2	14	893	0.8258	
2	15	0	NA	
2	16	0	NA	
2	17	0	NA	
2	18	0	NA	
2	19	1531	0.87	
2	20	923	0.8659	
2	21	326	0.7736	
2	22	470	0.8693	
2	23	0	NA	
2	24	0	NA	
2	25	25	0.2132	C
2	26	105	0.6159	
2	27	39	0.4922	C
2	28	792	0.9102	
2	29	1280	0.8389	
2	30	1035	0.8886	
2	31	1505	0.9135	
2	32	1343	0.8953	
2	33	1445	0.9095	
2	34	969	0.909	
2	35	1273	0.9083	
2	36	1197	0.8791	
2	37	1107	0.8765	
2	38	803	0.8693	
2	39	1433	0.877	
2	40	1247	0.9172	
2	41	706	0.8433	
2	42	1065	0.8959	
2	43	72	0.5884	C
2	44	8	1.7147	
2	45	279	0.8898	
2	46	26	0.6101	
2	47	1080	0.8407	
2	48	462	0.9163	
3	1	0	NA	
3	2	0	NA	
3	3	32	0.5629	C
3	4	196	0.8181	
3	5	1298	0.8866	
3	6	1374	0.8751	
3	7	90	0.7676	
3	8	843	0.9028	
3	9	1029	0.8982	
3	10	981	0.8683	
3	11	1	Inf	
3	12	0	NA	
3	13	132	0.5753	C
3	14	767	0.904	
3	15	32	0.5884	C
3	16	206	0.9347	
3	17	710	0.8464	
3	18	738	0.8465	
3	19	153	0.833	
3	20	321	0.7794	
3	21	998	0.8486	
3	22	1107	0.8674	
3	23	1194	0.7932	
3	24	1182	0.8287	
3	25	0	NA	
3	26	0	NA	
3	27	1034	0.8649	
3	28	339	0.7138	
3	29	40	0.7494	
3	30	1737	0.8677	
3	31	0	NA	
3	32	0	NA	
3	33	1333	0.8431	
3	34	926	0.8443	
3	35	0	NA	
3	36	2	25.1327	
3	37	613	0.8858	
3	38	365	0.9158	
3	39	60	0.5695	C
3	40	45	0.8061	
3	41	3	3.2341	
3	42	76	0.8916	
3	43	0	NA	
3	44	1276	0.9057	
3	45	14	0.7925	
3	46	363	0.9108	
3	47	0	NA	
3	48	121	0.8052	
4	1	0	NA	
4	2	0	NA	
4	3	1560	0.8564	
4	4	889	0.827	
4	5	862	0.8927	
4	6	1751	0.8619	
4	7	0	NA	
4	8	0	NA	
4	9	944	0.8582	
4	10	804	0.8649	
4	11	0	NA	
4	12	0	NA	
4	13	772	0.9354	
4	14	872	0.8723	
4	15	51	0.7135	
4	16	10	0.9248	
4	17	294	0.9524	
4	18	870	0.8756	
4	19	654	0.7913	
4	20	494	0.7332	
4	21	891	0.9062	
4	22	1355	0.863	
4	23	938	0.8649	
4	24	1118	0.8006	
4	25	0	NA	
4	26	0	NA	
4	27	1020	0.7737	
4	28	821	0.8082	
4	29	0	NA	
4	30	16	0.8385	
4	31	0	NA	
4	32	0	NA	
4	33	801	0.8806	
4	34	579	0.943	
4	35	0	NA	
4	36	0	NA	
4	37	1778	0.8909	
4	38	0	NA	
4	39	27	0.297	C
4	40	27	0.6814	
4	41	455	0.8764	
4	42	22	0.6329	
4	43	513	0.9044	
4	44	1105	0.8537	
4	45	647	0.8583	
4	46	2164	0.8787	
4	47	55	0.5652	C
4	48	68	0.7056	
5	1	1289	0.8645	
5	2	1152	0.8064	
5	3	620	0.9237	
5	4	1017	0.9444	
5	5	50	0.558	C
5	6	187	0.8596	
5	7	1196	0.8862	
5	8	1034	0.9026	
5	9	836	0.8414	
5	10	541	0.8742	
5	11	89	0.3975	C
5	12	857	0.8536	
5	13	668	0.7774	
5	14	759	0.9006	
5	15	48	0.9865	
5	16	50	1.156	
5	17	950	0.8786	
5	18	881	0.9234	
5	19	565	0.7951	
5	20	1205	0.9452	
5	21	0	NA	
5	22	0	NA	
5	23	789	0.9008	
5	24	511	0.7357	
5	25	1781	0.8312	
5	26	658	0.8804	
5	27	904	0.7792	
5	28	651	0.897	
5	29	308	0.7261	
5	30	450	0.8529	
5	31	422	0.8283	
5	32	185	0.6561	
5	33	1374	0.8245	
5	34	1187	0.6969	
5	35	28	0.6959	
5	36	93	0.8362	
5	37	1496	0.6883	
5	38	1286	0.8647	
5	39	741	0.8421	
5	40	964	0.9097	
5	41	0	NA	
5	42	25	0.4597	C
5	43	1101	0.8329	
5	44	1327	0.8753	
5	45	20	0.7355	
5	46	1202	0.8354	
5	47	0	NA	
5	48	70	0.8212	
6	1	1050	0.8424	
6	2	1365	0.8946	
6	3	1285	0.8853	
6	4	835	0.8255	
6	5	543	0.8775	
6	6	29	0.7055	
6	7	1100	0.8194	
6	8	1296	0.8961	
6	9	643	0.869	
6	10	33	0.6068	
6	11	109	0.8908	
6	12	1388	0.7415	
6	13	289	0.8676	
6	14	433	0.8641	
6	15	45	0.495	C
6	16	153	0.6942	
6	17	1061	0.8282	
6	18	1154	0.9222	
6	19	289	0.8883	
6	20	250	0.8645	
6	21	0	NA	
6	22	0	NA	
6	23	35	0.9906	
6	24	1	Inf	
6	25	174	0.8337	
6	26	376	0.8586	
6	27	850	0.8172	
6	28	638	0.8684	
6	29	1424	0.8353	
6	30	632	0.8862	
6	31	217	0.4741	C
6	32	124	0.5098	C
6	33	724	0.8137	
6	34	1003	0.7528	
6	35	0	NA	
6	36	6	0.4707	C
6	37	983	0.6731	
6	38	1143	0.577	C
6	39	1532	0.8441	
6	40	916	0.9084	
6	41	42	0.7868	
6	42	37	1.108	
6	43	1067	0.8723	
6	44	1618	0.873	
6	45	896	0.9153	
6	46	1264	0.883	
6	47	77	0.6162	
6	48	83	0.8948	
7	1	0	NA	
7	2	0	NA	
7	3	1421	0.9203	
7	4	775	0.8615	
7	5	572	0.6764	
7	6	33	0.726	
7	7	374	0.9142	
7	8	976	0.9026	
7	9	476	0.8324	
7	10	405	0.8559	
7	11	795	0.6014	
7	12	782	0.8597	
7	13	1054	0.8391	
7	14	1296	0.7859	
7	15	1011	0.8825	
7	16	894	0.7449	
7	17	823	0.9007	
7	18	1114	0.7648	
7	19	690	0.8556	
7	20	450	0.7232	
7	21	0	NA	
7	22	1	Inf	
7	23	1309	0.8622	
7	24	665	0.8584	
7	25	1270	0.8982	
7	26	915	0.9074	
7	27	76	0.5403	C
7	28	708	0.8294	
7	29	1008	0.8571	
7	30	1150	0.7875	
7	31	1218	0.7497	
7	32	0	NA	
7	33	943	0.7616	
7	34	524	0.5825	C
7	35	1535	0.6705	
7	36	661	0.5033	C
7	37	1017	0.5665	C
7	38	1351	0.674	
7	39	1297	0.8646	
7	40	1236	0.9077	
7	41	44	0.4416	C
7	42	118	0.6425	
7	43	30	0.8299	
7	44	39	0.561	C
7	45	424	0.8849	
7	46	964	0.8915	
7	47	0	NA	
7	48	38	0.6482	
8	1	0	NA	
8	2	23	0.6887	
8	3	1135	0.8708	
8	4	692	0.8976	
8	5	236	0.8557	
8	6	146	0.7575	
8	7	1069	0.8847	
8	8	188	0.7847	
8	9	183	0.9364	
8	10	532	0.7956	
8	11	238	0.9441	
8	12	478	0.9539	
8	13	1223	0.7948	
8	14	1336	0.7844	
8	15	720	0.9184	
8	16	213	0.8523	
8	17	154	0.8506	
8	18	364	0.7761	
8	19	823	0.9292	
8	20	979	0.7742	
8	21	0	NA	
8	22	0	NA	
8	23	812	0.8511	
8	24	833	0.86	
8	25	1316	0.8523	
8	26	1222	0.8751	
8	27	81	0.6094	
8	28	45	0.5989	C
8	29	1550	0.867	
8	30	1513	0.8179	
8	31	0	NA	
8	32	0	NA	
8	33	1058	0.7652	
8	34	1730	0.5712	C
8	35	1563	0.5966	C
8	36	833	0.5684	C
8	37	1048	0.5544	C
8	38	752	0.6107	
8	39	932	0.6674	
8	40	1024	0.8816	
8	41	219	0.9423	
8	42	48	0.7616	
8	43	51	0.3916	C
8	44	231	0.8545	
8	45	60	0.3688	C
8	46	965	0.8085	
8	47	0	NA	
8	48	9	0.6064	
9	1	771	0.9045	
9	2	811	0.8876	
9	3	0	NA	
9	4	0	NA	
9	5	863	0.891	
9	6	846	0.8734	
9	7	1197	0.5381	C
9	8	1170	0.6524	
9	9	46	0.6027	
9	10	856	0.835	
9	11	122	0.9133	
9	12	735	0.8863	
9	13	835	0.9282	
9	14	374	0.9081	
9	15	1123	0.8695	
9	16	1088	0.7655	
9	17	17	0.7861	
9	18	57	0.7586	
9	19	72	0.4162	C
9	20	42	0.4855	C
9	21	62	0.8575	
9	22	75	0.837	
9	23	1293	0.8589	
9	24	1093	0.9231	
9	25	173	0.6862	
9	26	82	0.4543	C
9	27	1205	0.9195	
9	28	1238	0.8931	
9	29	342	0.9152	
9	30	1150	0.6947	
9	31	163	0.8875	
9	32	112	0.5794	C
9	33	1324	0.6115	
9	34	771	0.6511	
9	35	1112	0.8804	
9	36	931	0.7371	
9	37	740	0.6708	
9	38	801	0.9044	
9	39	18	0.706	
9	40	12	0.5549	C
9	41	1168	0.86	
9	42	1289	0.726	
9	43	1251	0.8848	
9	44	103	0.5329	C
9	45	36	0.4845	C
9	46	67	0.1608	C
9	47	47	0.7778	
9	48	395	0.8422	
10	1	671	0.8459	
10	2	515	0.8955	
10	3	0	NA	
10	4	0	NA	
10	5	970	0.8352	
10	6	465	0.8099	S
10	7	1243	0.8855	
10	8	827	0.7726	
10	9	759	0.9412	
10	10	209	0.854	
10	11	653	0.7212	
10	12	284	0.92	
10	13	420	0.8955	
10	14	559	0.8481	
10	15	1117	0.7978	
10	16	1020	0.8023	
10	17	33	0.8028	
10	18	37	0.8554	
10	19	42	0.7723	
10	20	18	0.2774	C
10	21	110	0.552	C
10	22	115	0.8609	
10	23	984	0.3855	C
10	24	1484	0.9264	
10	25	82	0.9151	
10	26	75	0.7119	
10	27	1450	0.8802	
10	28	1049	0.7675	
10	29	1679	0.7443	
10	30	240	0.9807	
10	31	69	0.559	C
10	32	58	0.7055	
10	33	1740	0.7269	
10	34	1186	0.7465	
10	35	923	0.7417	
10	36	823	0.5636	C
10	37	1251	0.5349	C
10	38	0	NA	
10	39	0	NA	
10	40	4	1.078	
10	41	693	0.9433	
10	42	840	0.9337	
10	43	115	0.6111	
10	44	287	0.9225	
10	45	32	0.6899	
10	46	64	0.6641	
10	47	1216	0.8451	
10	48	2254	0.7268	
11	1	1519	0.87	
11	2	828	0.864	
11	3	311	0.7911	
11	4	273	0.9899	
11	5	1057	0.8607	
11	6	1253	0.8794	
11	7	328	0.8095	
11	8	53	0.7248	
11	9	1009	0.6247	
11	10	1406	0.7719	
11	11	1123	0.7457	
11	12	1061	0.6971	
11	13	1033	0.5472	C
11	14	1169	0.8083	
11	15	887	0.7023	
11	16	723	0.6592	
11	17	873	0.8695	
11	18	924	0.846	
11	19	1109	0.9276	
11	20	918	0.8395	
11	21	1342	0.9443	
11	22	1433	0.9171	
11	23	1752	0.7915	
11	24	3223	0.9027	
11	25	4	1.4797	
11	26	63	0.8385	
11	27	0	NA	
11	28	4	1.078	
11	29	1334	0.7438	
11	30	1449	0.6178	
11	31	914	0.5392	C
11	32	200	0.5853	C
11	33	8	0.539	C
11	34	0	NA	
11	35	1099	0.633	
11	36	828	0.4428	C
11	37	1018	0.5785	C
11	38	578	0.4943	C
11	39	491	0.9597	
11	40	274	0.8644	
11	41	568	0.8762	
11	42	96	0.5691	C
11	43	13	1.048	
11	44	1383	0.8957	
11	45	105	0.7066	
11	46	86	0.6438	
11	47	672	0.8293	
11	48	1777	0.6	C
12	1	846	0.8339	
12	2	1101	0.8966	
12	3	348	0.845	
12	4	56	0.6037	
12	5	745	0.9346	
12	6	194	0.7538	
12	7	161	0.9897	
12	8	195	0.7968	
12	9	1446	0.717	
12	10	590	0.8525	
12	11	712	0.5177	C
12	12	668	0.5673	C
12	13	82	0.7212	
12	14	880	0.6341	
12	15	699	0.5863	C
12	16	1021	0.7358	
12	17	815	0.8117	
12	18	861	0.9041	
12	19	1118	0.8784	
12	20	1114	0.8952	
12	21	802	0.7748	
12	22	1030	0.9079	
12	23	50	0.578	C
12	24	38	1.0512	
12	25	130	0.7202	
12	26	12	0.2919	C
12	27	0	NA	
12	28	0	NA	
12	29	1051	0.4203	C
12	30	1694	0.4184	C
12	31	299	0.4398	C
12	32	76	0.7452	
12	33	0	NA	
12	34	0	NA	
12	35	478	0.6969	
12	36	388	0.9421	
12	37	1104	0.5822	C
12	38	1279	0.4946	C
12	39	320	0.9086	
12	40	343	0.8606	
12	41	246	0.8745	
12	42	9	0.952	
12	43	529	0.8331	
12	44	58	0.695	
12	45	588	0.8102	
12	46	896	0.8794	
12	47	802	0.8122	
12	48	1070	0.888	
13	1	761	0.8276	
13	2	1226	0.8858	
13	3	631	0.8485	
13	4	344	0.8352	
13	5	32	0.5458	C
13	6	1114	0.8181	
13	7	0	NA	
13	8	0	NA	
13	9	520	0.8583	
13	10	688	0.8673	
13	11	619	0.8724	
13	12	1118	0.6353	
13	13	910	0.7989	
13	14	571	0.6041	
13	15	870	0.7084	
13	16	1193	0.744	
13	17	1095	0.7445	
13	18	1041	0.7637	
13	19	0	NA	
13	20	0	NA	
13	21	1326	0.7084	
13	22	1050	0.7492	
13	23	563	0.7122	
13	24	1203	0.6072	
13	25	841	0.6209	
13	26	783	0.5908	C
13	27	484	0.9135	
13	28	402	0.9476	
13	29	849	0.6291	
13	30	809	0.5904	C
13	31	379	0.9736	
13	32	470	0.8999	
13	33	0	NA	
13	34	9	0.6064	
13	35	1338	0.5574	C
13	36	1198	0.5971	C
13	37	1075	0.9256	
13	38	888	0.8844	
13	39	1061	0.8582	
13	40	1183	0.9125	
13	41	76	0.4832	C
13	42	63	0.4796	C
13	43	1004	0.8561	
13	44	721	0.9372	
13	45	27	1.059	
13	46	50	0.495	C
13	47	482	0.8739	
13	48	438	0.8816	
14	1	918	0.8955	
14	2	460	0.9516	
14	3	433	0.8957	
14	4	742	0.8221	
14	5	52	0.5949	C
14	6	1044	0.8842	
14	7	0	NA	
14	8	0	NA	
14	9	1016	0.8905	
14	10	731	0.8917	
14	11	547	0.6447	
14	12	33	0.8647	
14	13	156	0.515	C
14	14	213	0.9165	
14	15	1060	0.661	
14	16	1114	0.6345	
14	17	425	0.5727	C
14	18	791	0.6191	
14	19	0	NA	
14	20	1	Inf	
14	21	710	0.4637	C
14	22	861	0.5775	C
14	23	741	0.4759	C
14	24	1070	0.5144	C
14	25	913	0.562	C
14	26	833	0.5182	C
14	27	436	0.9296	
14	28	339	0.7293	
14	29	973	0.4948	C
14	30	1318	0.6077	
14	31	422	0.7851	
14	32	286	0.9623	
14	33	2	Inf	
14	34	105	0.833	
14	35	795	0.5511	C
14	36	618	0.9091	
14	37	804	0.8839	
14	38	969	0.709	
14	39	686	0.9501	
14	40	1262	0.8443	
14	41	49	0.5749	C
14	42	71	0.8636	
14	43	975	0.8802	
14	44	714	0.8854	
14	45	58	0.9203	
14	46	218	0.9099	
14	47	2054	0.8436	
14	48	1553	0.9427	
15	1	78	0.7648	
15	2	374	0.9142	
15	3	0	NA	
15	4	0	NA	
15	5	1258	0.7421	
15	6	1485	0.8748	
15	7	136	0.9513	
15	8	1529	0.8114	
15	9	97	0.9036	
15	10	37	0.5411	C
15	11	0	NA	
15	12	0	NA	
15	13	1507	0.7534	
15	14	1091	0.556	C
15	15	72	0.7954	
15	16	75	0.8456	
15	17	919	0.6476	
15	18	840	0.6291	
15	19	958	0.5556	C
15	20	1025	0.4659	C
15	21	1049	0.5928	C
15	22	961	0.5123	C
15	23	543	0.4306	C
15	24	415	0.5609	C
15	25	957	0.5525	C
15	26	995	0.6263	
15	27	361	0.5912	C
15	28	263	0.8297	
15	29	1275	0.5581	C
15	30	1100	0.8874	
15	31	41	0.7681	
15	32	54	0.6242	
15	33	474	0.8819	
15	34	456	0.9374	
15	35	1019	0.8037	
15	36	898	0.937	
15	37	1480	0.8252	
15	38	668	0.9139	
15	39	73	0.4657	C
15	40	66	0.9652	
15	41	1036	0.8632	
15	42	422	0.9339	
15	43	965	0.8887	
15	44	1314	0.8642	
15	45	783	0.9186	
15	46	865	0.8578	
15	47	955	0.8443	
15	48	1680	0.9024	
16	1	270	0.9157	
16	2	1082	0.8965	
16	3	0	NA	
16	4	0	NA	
16	5	1087	0.5362	C
16	6	774	0.8509	
16	7	51	0.6608	
16	8	53	0.7842	
16	9	9	0.6064	
16	10	71	0.2422	C
16	11	0	NA	
16	12	0	NA	
16	13	924	0.5636	C
16	14	230	0.883	
16	15	57	0.6589	
16	16	88	0.7129	
16	17	764	0.5569	C
16	18	917	0.6327	
16	19	1410	0.4883	C
16	20	596	0.5849	C
16	21	1377	0.4392	C
16	22	1261	0.4996	C
16	23	293	0.8685	
16	24	239	0.2849	C
16	25	1161	0.4202	C
16	26	533	0.9584	
16	27	637	0.9157	
16	28	294	0.894	
16	29	963	0.8046	
16	30	618	0.9326	
16	31	59	0.7561	
16	32	21	0.6395	
16	33	675	0.9188	
16	34	87	0.7048	
16	35	100	0.9492	
16	36	865	0.4263	C
16	37	2337	0.7724	
16	38	171	0.87	
16	39	22	0.5272	C
16	40	32	1.0155	
16	41	893	0.9418	
16	42	769	0.9064	
16	43	98	0.3647	C
16	44	167	0.8787	
16	45	87	0.7173	
16	46	230	0.9013	
16	47	1278	0.8017	
16	48	1400	0.896	
17	1	50	0.9805	
17	2	374	0.8653	
17	3	68	0.5927	C
17	4	150	0.9464	
17	5	35	0.9465	
17	6	114	0.7974	
17	7	58	0.8684	
17	8	414	0.5009	C
17	9	649	0.8377	
17	10	566	0.9522	
17	11	538	0.6008	
17	12	1548	0.5432	C
17	13	1220	0.5092	C
17	14	1276	0.5024	C
17	15	1258	0.4817	C
17	16	416	0.9007	
17	17	24	1.0349	
17	18	61	0.5092	C
17	19	866	0.5109	C
17	20	494	0.9655	
17	21	1	Inf	
17	22	0	NA	
17	23	1450	0.5904	C
17	24	1045	0.8825	
17	25	736	0.8634	
17	26	917	0.9	
17	27	873	0.8695	
17	28	796	0.8848	
17	29	1129	0.8856	
17	30	905	0.9343	
17	31	547	0.8909	
17	32	209	0.7227	
17	33	1158	0.8932	
17	34	1343	0.8771	
17	35	1035	0.9214	
17	36	1115	0.9379	
17	37	1168	0.9009	
17	38	1236	0.9077	
17	39	1049	0.912	
17	40	1397	0.7367	
17	41	4	1.4797	
17	42	4	12.5664	
17	43	22	0.1123	C
17	44	41	0.804	
17	45	291	0.8472	
17	46	496	0.8232	
17	47	2154	0.728	
17	48	112	0.7746	
18	1	788	0.9039	
18	2	798	0.9257	
18	3	233	0.9323	
18	4	77	0.8301	
18	5	46	0.9721	
18	6	251	0.8923	
18	7	79	1.0753	
18	8	58	0.7131	
18	9	650	0.8533	
18	10	326	0.77	
18	11	413	0.7841	
18	12	305	0.9697	
18	13	1008	0.4942	C
18	14	47	0.7156	
18	15	1020	0.5027	C
18	16	1029	0.4563	C
18	17	28	0.5316	C
18	18	50	0.8422	
18	19	194	1.031	
18	20	544	0.8958	
18	21	0	NA	
18	22	0	NA	
18	23	180	0.4243	C
18	24	1237	0.9454	
18	25	785	0.9106	
18	26	790	0.9062	
18	27	671	0.8978	
18	28	1051	0.8841	
18	29	1920	0.3821	C
18	30	468	0.6011	
18	31	1126	0.9256	
18	32	1349	0.9057	
18	33	1365	0.91	
18	34	1008	0.8799	
18	35	33	0.8647	
18	36	322	0.9473	
18	37	695	0.9078	
18	38	43	1.0461	
18	39	423	0.875	
18	40	614	0.9148	
18	41	9	0.6219	
18	42	0	NA	
18	43	50	0.7486	
18	44	0	NA	
18	45	107	0.8078	
18	46	1125	0.8677	
18	47	86	0.7335	
18	48	78	0.5938	C
19	1	976	0.9384	
19	2	1464	0.4729	C
19	3	875	0.7534	
19	4	465	0.644	
19	5	1209	0.8959	
19	6	1054	0.6376	
19	7	53	0.6762	
19	8	58	0.5382	C
19	9	1476	0.4119	C
19	10	1026	0.8322	
19	11	1083	0.8736	
19	12	1052	0.88	
19	13	1026	0.9301	
19	14	863	0.891	
19	15	1560	0.4898	C
19	16	1127	0.4647	C
19	17	1060	0.4391	C
19	18	1337	0.5133	C
19	19	2	25.1327	
19	20	18	0.8758	
19	21	88	0.6838	
19	22	123	0.8121	
19	23	1014	0.8368	
19	24	1169	0.8935	
19	25	911	0.7952	
19	26	415	0.9476	
19	27	382	0.9492	
19	28	588	0.945	
19	29	99	0.9397	
19	30	111	0.3521	C
19	31	872	0.9059	
19	32	745	0.9238	
19	33	81	0.9364	
19	34	58	0.7131	
19	35	911	0.9405	
19	36	946	0.8661	
19	37	802	0.9199	
19	38	378	0.9116	
19	39	1004	0.8886	
19	40	1157	0.9333	
19	41	1046	0.9221	
19	42	835	0.9385	
19	43	779	0.8994	
19	44	79	0.76	
19	45	124	0.7623	
19	46	98	0.6595	
19	47	989	0.8754	
19	48	1509	0.881	
20	1	845	0.8952	
20	2	741	0.9039	
20	3	766	0.9453	
20	4	70	0.7812	
20	5	1219	0.9033	
20	6	842	0.8474	
20	7	14	0.5754	C
20	8	9	0.539	C
20	9	352	0.8298	
20	10	45	0.9702	
20	11	1360	0.4857	C
20	12	868	0.4203	C
20	13	715	0.8764	
20	14	479	0.9227	
20	15	1215	0.481	C
20	16	829	0.936	
20	17	972	0.3873	C
20	18	1083	0.3858	C
20	19	0	NA	
20	20	27	0.7642	
20	21	107	0.4297	C
20	22	133	0.4141	C
20	23	1088	0.9315	
20	24	1225	0.9398	
20	25	1010	0.853	
20	26	943	0.9392	
20	27	797	0.935	
20	28	84	0.7101	
20	29	99	0.9397	
20	30	100	0.5174	C
20	31	1194	0.9126	
20	32	1120	0.9207	
20	33	72	0.9433	
20	34	43	0.8548	
20	35	1488	0.8455	
20	36	1109	0.924	
20	37	342	0.8581	
20	38	61	0.7232	
20	39	904	0.8618	
20	40	594	0.8692	
20	41	961	0.9015	
20	42	1165	0.879	
20	43	88	0.5124	C
20	44	851	0.8629	
20	45	32	0.7398	
20	46	99	0.1719	C
20	47	535	0.8222	
20	48	152	0.8786	
21	1	1168	0.8846	
21	2	1031	0.6677	
21	3	1172	0.4873	C
21	4	1778	0.696	
21	5	79	0.3318	C
21	6	103	0.762	
21	7	843	0.9209	
21	8	804	0.8908	
21	9	944	0.8946	
21	10	1502	0.8971	
21	11	450	0.8544	
21	12	135	0.9988	
21	13	1661	0.5067	C
21	14	835	0.908	
21	15	92	0.9021	
21	16	92	0.7004	
21	17	339	0.9229	
21	18	953	0.6936	
21	19	0	NA	
21	20	11	0.5468	C
21	21	1396	0.5501	C
21	22	1234	0.9346	
21	23	919	0.8836	
21	24	897	0.8475	
21	25	1217	0.8937	
21	26	886	0.9188	
21	27	882	0.8694	
21	28	1066	0.9529	
21	29	1055	0.8511	
21	30	1018	0.91	
21	31	532	0.8732	
21	32	73	0.8564	
21	33	1036	0.8956	
21	34	1027	0.513	C
21	35	1029	0.8085	
21	36	986	0.8778	
21	37	1119	0.8744	
21	38	100	0.6194	
21	39	905	0.854	
21	40	1063	0.8892	
21	41	0	NA	
21	42	56	0.8189	
21	43	1111	0.8962	
21	44	182	0.7158	
21	45	68	0.8451	
21	46	61	0.5661	C
21	47	1073	0.5732	C
21	48	2273	0.6114	
22	1	739	0.8911	
22	2	1203	0.8914	
22	3	772	0.9057	
22	4	598	0.8252	
22	5	86	0.3928	C
22	6	91	0.7761	
22	7	393	0.7842	
22	8	236	0.9248	
22	9	1042	0.9008	
22	10	1477	0.9039	
22	11	58	0.9203	
22	12	0	NA	
22	13	210	0.9319	
22	14	972	0.8989	
22	15	88	0.9821	
22	16	64	0.8852	
22	17	291	0.9012	
22	18	960	0.9325	
22	19	13	0.6813	
22	20	8	0.4426	C
22	21	1111	0.8962	
22	22	730	0.9266	
22	23	1540	0.3887	C
22	24	655	0.8314	
22	25	1288	0.8984	
22	26	663	0.9461	
22	27	740	0.9439	
22	28	145	0.7206	
22	29	1084	0.9462	
22	30	521	0.8936	
22	31	1164	0.939	
22	32	59	0.8688	
22	33	737	0.3857	C
22	34	2806	0.6124	
22	35	644	0.6875	
22	36	707	0.9672	
22	37	812	0.879	
22	38	1043	0.9416	
22	39	1714	0.8903	
22	40	972	0.8899	
22	41	25	0.4455	C
22	42	53	0.8927	
22	43	1184	0.8967	
22	44	1157	0.8924	
22	45	35	1.1791	
22	46	145	0.1682	S,C
22	47	1035	0.8395	
22	48	1718	0.9088	
23	1	0	NA	
23	2	13	0.8759	
23	3	0	NA	
23	4	0	NA	
23	5	1012	0.9009	
23	6	1185	0.914	
23	7	468	0.8584	
23	8	298	0.8523	
23	9	858	0.8509	
23	10	745	0.8191	
23	11	758	0.8892	
23	12	749	0.8787	
23	13	396	0.7707	
23	14	65	0.8651	
23	15	333	0.8761	
23	16	647	0.8961	
23	17	1640	0.3215	C
23	18	920	0.8808	
23	19	688	0.8631	
23	20	664	0.8234	
23	21	763	0.4912	C
23	22	1243	0.8617	
23	23	1119	0.3493	C
23	24	639	0.9351	
23	25	1177	0.8996	
23	26	954	0.9306	
23	27	19	0.5786	C
23	28	25	0.1696	C
23	29	793	0.9563	
23	30	973	0.882	
23	31	882	0.8656	
23	32	294	0.894	
23	33	1222	0.6342	
23	34	774	0.971	
23	35	1105	0.6518	
23	36	986	0.9344	
23	37	4	1.078	
23	38	0	NA	
23	39	965	0.9512	
23	40	1385	0.8447	
23	41	130	0.6417	
23	42	127	0.9396	
23	43	79	0.8999	
23	44	3	9.4248	
23	45	127	0.8783	
23	46	1028	0.8647	
23	47	115	0.9316	
23	48	162	0.8129	
24	1	0	NA	
24	2	11	1.1278	
24	3	2	25.1327	
24	4	10	0.9248	
24	5	1008	0.9191	
24	6	1118	0.9442	
24	7	298	0.8676	
24	8	161	0.8984	
24	9	698	0.8584	
24	10	809	0.9134	
24	11	413	0.8673	
24	12	80	0.7844	
24	13	114	0.9044	
24	14	16	0.4192	C
24	15	1422	0.3633	C
24	16	546	0.8707	
24	17	318	0.9258	
24	18	159	0.9526	
24	19	756	0.87	
24	20	758	0.8694	
24	21	326	0.9095	
24	22	301	0.8763	
24	23	326	0.8786	
24	24	38	0.836	
24	25	1306	0.3795	C
24	26	592	0.9098	
24	27	27	1.2485	
24	28	6	0.5549	C
24	29	1084	0.5997	C
24	30	823	0.9148	
24	31	231	0.8545	
24	32	462	0.8772	
24	33	936	0.9461	
24	34	934	0.8851	
24	35	927	0.9428	
24	36	988	0.9363	
24	37	0	NA	
24	38	2	Inf	
24	39	1380	0.9426	
24	40	68	0.9944	
24	41	522	0.9203	
24	42	140	0.6645	
24	43	83	0.5649	C
24	44	16	0.2275	C
24	45	1319	0.9281	
24	46	906	0.9118	
24	47	118	0.773	
24	48	995	0.9334	
25	1	926	0.865	
25	2	543	0.9496	
25	3	68	0.4525	C
25	4	155	0.978	
25	5	476	0.8804	
25	6	716	0.84	
25	7	831	0.8579	
25	8	286	0.7825	
25	9	1265	0.9374	
25	10	1004	0.8729	
25	11	1050	0.3717	C
25	12	1399	0.9474	
25	13	135	0.9085	
25	14	122	0.8342	
25	15	532	0.9124	
25	16	457	0.9064	
25	17	1126	0.8999	
25	18	909	0.8921	
25	19	823	0.9292	
25	20	1006	0.8817	
25	21	981	0.911	
25	22	1069	0.8892	
25	23	443	0.9653	
25	24	1039	0.9287	
25	25	1411	0.8955	
25	26	1072	0.9141	
25	27	688	0.8924	
25	28	1144	0.3256	C
25	29	842	0.8977	
25	30	1022	0.9135	
25	31	0	NA	
25	32	0	NA	
25	33	746	0.9469	
25	34	720	0.9518	
25	35	771	0.7852	
25	36	1108	0.5386	C
25	37	222	0.8523	
25	38	808	0.8342	
25	39	20	0.1798	C
25	40	0	NA	
25	41	249	0.8003	
25	42	1181	0.8944	
25	43	1321	0.9101	
25	44	802	0.855	
25	45	43	0.8433	
25	46	723	0.9146	
25	47	126	0.1621	C
25	48	207	0.71	
26	1	579	0.9084	
26	2	672	0.8092	
26	3	816	0.8162	
26	4	259	0.9581	
26	5	1067	0.9314	
26	6	578	0.9594	
26	7	1203	0.332	C
26	8	468	0.9203	
26	9	1232	0.8562	
26	10	300	0.9718	
26	11	1166	0.9318	
26	12	546	0.9494	
26	13	106	0.7908	
26	14	105	0.7261	
26	15	130	0.899	
26	16	224	0.8963	
26	17	632	0.9132	
26	18	874	0.8705	
26	19	696	0.8984	
26	20	598	0.9484	
26	21	769	0.9273	
26	22	629	0.8711	
26	23	244	0.8275	
26	24	424	0.8904	
26	25	369	0.9169	
26	26	971	0.4322	C
26	27	663	0.2747	C
26	28	442	0.9282	
26	29	899	0.3599	C
26	30	39	0.6374	
26	31	12	0.5839	C
26	32	5	0.7355	
26	33	949	0.6443	
26	34	961	0.5371	C
26	35	479	0.4633	C
26	36	1562	0.4008	C
26	37	565	0.908	
26	38	839	0.815	
26	39	0	NA	
26	40	110	0.105	C
26	41	471	0.9262	
26	42	874	0.912	
26	43	1034	0.8615	
26	44	71	0.2841	C
26	45	715	0.8722	
26	46	219	0.1053	C
26	47	181	0.9083	
26	48	1944	0.8451	
27	1	390	0.9625	
27	2	544	0.8209	
27	3	45	0.758	
27	4	1030	0.8341	
27	5	503	0.8919	
27	6	494	0.859	
27	7	321	0.8304	
27	8	223	0.9391	
27	9	46	1.0635	
27	10	68	0.8148	
27	11	923	0.3698	C
27	12	1246	0.8767	
27	13	978	0.8891	
27	14	1114	0.8705	
27	15	55	0.7912	
27	16	1012	0.9136	
27	17	180	0.8463	
27	18	218	0.8986	
27	19	635	0.946	
27	20	397	0.9548	
27	21	381	0.2065	C
27	22	307	0.9265	
27	23	119	0.6878	
27	24	108	0.9622	
27	25	1165	0.6779	
27	26	868	0.4019	C
27	27	1271	0.9183	
27	28	1139	0.9018	
27	29	1029	0.4998	C
27	30	1778	0.8725	
27	31	1003	0.4119	C
27	32	796	0.5952	C
27	33	1141	0.4458	C
27	34	1092	0.9311	
27	35	1169	0.6749	
27	36	1064	0.6681	
27	37	1166	0.747	
27	38	1198	0.8877	
27	39	466	0.8923	
27	40	1114	0.2931	C
27	41	617	0.8696	
27	42	120	0.4568	C
27	43	70	0.5094	C
27	44	538	0.6142	
27	45	48	0.3808	C
27	46	72	0.8035	
27	47	41	0.2949	C
27	48	735	0.8582	
28	1	626	0.9046	
28	2	764	0.9288	
28	3	826	0.9369	
28	4	344	0.905	
28	5	1977	0.88	
28	6	367	0.5101	C
28	7	98	1.007	
28	8	631	0.79	
28	9	83	0.492	C
28	10	65	0.8203	
28	11	1120	0.9368	
28	12	867	0.2968	C
28	13	785	0.3164	C
28	14	42	0.498	C
28	15	493	0.8916	
28	16	1320	0.9174	
28	17	76	0.2788	C
28	18	43	0.7564	
28	19	218	0.9099	
28	20	476	0.1452	C
28	21	2445	0.8833	
28	22	64	0.9359	
28	23	145	0.9758	
28	24	92	0.4136	C
28	25	1208	0.7454	
28	26	979	0.6526	
28	27	819	0.2949	C
28	28	731	0.4155	C
28	29	760	0.2764	C
28	30	327	0.7636	
28	31	781	0.2466	C
28	32	1190	0.6987	
28	33	1070	0.916	
28	34	1348	0.9287	
28	35	1181	0.2698	C
28	36	867	0.5668	C
28	37	898	0.9513	
28	38	990	0.9478	
28	39	20	0.822	
28	40	24	0.4043	C
28	41	614	0.9386	
28	42	236	0.7896	
28	43	847	0.5532	C
28	44	622	0.765	
28	45	85	0.2084	C
28	46	112	0.2764	C
28	47	151	1.0002	
28	48	159	0.169	C
29	1	539	0.5425	C
29	2	1851	0.8499	
29	3	424	0.4857	C
29	4	69	0.8575	
29	5	87	0.3911	C
29	6	140	0.8834	
29	7	0	NA	
29	8	0	NA	
29	9	117	0.8908	
29	10	648	0.9482	
29	11	623	0.9199	
29	12	1324	0.6338	
29	13	1051	0.8289	
29	14	811	0.531	C
29	15	94	0.9217	
29	16	87	0.894	
29	17	1198	0.6346	
29	18	1227	0.5589	C
29	19	948	0.7921	
29	20	1418	0.8031	
29	21	28	0.4315	C
29	22	49	0.7461	
29	23	1188	0.8486	
29	24	1149	0.4111	C
29	25	1117	0.3396	C
29	26	1117	0.2955	C
29	27	1216	0.3428	C
29	28	804	0.5545	C
29	29	1351	0.3652	C
29	30	1255	0.5646	C
29	31	1625	0.4989	C
29	32	1020	0.6702	
29	33	21	0.3432	C
29	34	45	0.2582	C
29	35	1207	0.3989	C
29	36	991	0.9203	
29	37	107	0.4015	C
29	38	128	0.6802	
29	39	1230	0.4528	C
29	40	648	0.8929	
29	41	1126	0.9293	
29	42	480	0.8346	
29	43	68	0.6759	
29	44	1057	0.9101	
29	45	1188	0.8508	
29	46	524	0.8649	
29	47	183	0.3049	S,C
29	48	998	0.3651	C
30	1	1294	0.7042	
30	2	568	0.9179	
30	3	103	0.8675	
30	4	424	0.9593	
30	5	151	0.7526	
30	6	188	0.9565	
30	7	3	37.6991	
30	8	0	NA	
30	9	152	0.8569	
30	10	161	0.8556	
30	11	649	0.9497	
30	12	545	0.8925	
30	13	763	0.3061	C
30	14	1007	0.2775	C
30	15	56	0.9851	
30	16	97	0.8026	
30	17	910	0.3619	C
30	18	909	0.3347	C
30	19	840	0.2462	C
30	20	919	0.2979	C
30	21	32	0.8202	
30	22	75	0.7971	
30	23	740	0.5533	C
30	24	1406	0.4963	C
30	25	1276	0.6455	
30	26	1214	0.6876	
30	27	1015	0.6233	
30	28	870	0.6286	
30	29	839	0.6139	
30	30	1074	0.4224	C
30	31	983	0.2306	C
30	32	1274	0.6465	
30	33	2	25.1327	
30	34	1	Inf	
30	35	1079	0.1803	C
30	36	1859	0.0561	C
30	37	42	0.971	
30	38	50	0.4101	C
30	39	1221	0.6579	
30	40	769	0.9124	
30	41	1403	0.5283	C
30	42	1069	0.8245	
30	43	768	0.9413	
30	44	35	0.8699	
30	45	889	0.4801	C
30	46	988	0.1028	C
30	47	464	0.2342	S,C
30	48	653	0.8632	
31	1	1414	0.6666	
31	2	1114	0.6416	
31	3	637	0.9205	
31	4	341	0.828	
31	5	548	0.8876	
31	6	478	0.8717	
31	7	627	0.9462	
31	8	908	0.8605	
31	9	1000	0.6993	
31	10	712	0.3071	C
31	11	580	0.7143	
31	12	475	0.598	C
31	13	1277	0.4122	C
31	14	1103	0.3621	C
31	15	495	0.9264	
31	16	173	0.4392	C
31	17	1149	0.7275	
31	18	1362	0.8812	
31	19	1464	0.3412	C
31	20	1170	0.3622	C
31	21	1200	0.4382	C
31	22	953	0.674	
31	23	1283	0.4736	C
31	24	1052	0.5506	C
31	25	966	0.8685	
31	26	681	0.4859	C
31	27	874	0.5963	C
31	28	732	0.9292	
31	29	1136	0.429	C
31	30	1271	0.6329	
31	31	1478	0.6271	
31	32	844	0.9137	
31	33	932	0.8795	
31	34	728	0.8737	
31	35	327	0.8813	
31	36	442	0.0635	C
31	37	1274	0.3701	C
31	38	1169	0.9306	
31	39	1154	0.8983	
31	40	1168	0.9422	
31	41	639	0.8654	
31	42	1129	0.9194	
31	43	954	0.8434	
31	44	1360	0.2181	C
31	45	601	0.8181	
31	46	1081	0.393	C
31	47	557	0.0747	S,C
31	48	1334	0.255	C
32	1	1207	0.9225	
32	2	1056	0.8808	
32	3	1027	0.8509	
32	4	893	0.8234	
32	5	902	0.8724	
32	6	731	0.8479	
32	7	860	0.907	
32	8	154	0.9823	
32	9	1254	0.8869	
32	10	1288	0.9544	
32	11	425	0.775	
32	12	658	0.4965	S,C
32	13	1442	0.5687	C
32	14	1222	0.8471	
32	15	531	0.9107	
32	16	2447	0.8429	
32	17	1220	0.9205	
32	18	1168	0.9334	
32	19	1435	0.8884	
32	20	1376	0.8911	
32	21	1191	0.8746	
32	22	1454	0.9076	
32	23	1017	0.8965	
32	24	1422	0.8804	
32	25	650	0.9512	
32	26	1318	0.9048	
32	27	1197	0.868	
32	28	180	1.0253	
32	29	1299	0.895	
32	30	1197	0.8791	
32	31	1316	0.8957	
32	32	1442	0.9293	
32	33	1540	0.882	
32	34	1050	0.8665	
32	35	482	0.4634	C
32	36	322	0.1432	C
32	37	1155	0.8861	
32	38	895	0.8517	
32	39	1397	0.7142	
32	40	1451	0.9089	
32	41	842	0.3774	C
32	42	1082	0.6094	
32	43	2169	0.2866	C
32	44	1265	0.8869	
32	45	1346	0.6172	
32	46	1133	0.4994	C
32	47	723	0.7405	S
32	48	1795	0.123	C
