# gitter v1.0.3 data file generated on Wed Feb 25 11:12:42 2015
# Warning possible misgridding: high count of small colony sizes, high count of low colony circularity
# Flags: S - Colony spill or edge interference, C - Low colony circularity
# row	col	size	circularity	flags
1	1	957	0.9296	
1	2	1305	0.9149	
1	3	302	0.9783	
1	4	474	0.9264	
1	5	1049	0.8122	
1	6	1080	0.8829	
1	7	1084	0.8946	
1	8	943	0.8809	
1	9	0	NA	
1	10	0	NA	
1	11	11	0.6981	
1	12	502	0.9474	
1	13	1303	0.9249	
1	14	1249	0.9105	
1	15	0	NA	
1	16	0	NA	
1	17	1154	0.8399	
1	18	1111	0.9047	
1	19	0	NA	
1	20	0	NA	
1	21	1045	0.8961	
1	22	938	0.944	
1	23	1223	0.9228	
1	24	1165	0.8633	
1	25	1042	0.8682	
1	26	1102	0.889	
1	27	1154	0.8787	
1	28	1206	0.9217	
1	29	1108	0.8938	
1	30	1192	0.9279	
1	31	0	NA	
1	32	0	NA	
1	33	1229	0.8756	
1	34	1177	0.9044	
1	35	787	0.9087	
1	36	614	0.9148	
1	37	0	NA	
1	38	0	NA	
1	39	0	NA	
1	40	0	NA	
1	41	1187	0.8875	
1	42	1022	0.9098	
1	43	814	0.9107	
1	44	978	0.919	
1	45	0	NA	
1	46	0	NA	
1	47	318	0.7505	S
1	48	1307	0.8895	
2	1	1283	0.851	
2	2	1069	0.9152	
2	3	511	0.9507	
2	4	234	0.917	
2	5	1061	0.896	
2	6	839	0.8755	
2	7	884	0.8613	
2	8	1055	0.912	
2	9	0	NA	
2	10	0	NA	
2	11	968	0.9043	
2	12	203	0.921	
2	13	651	0.8692	
2	14	1296	0.9433	
2	15	0	NA	
2	16	0	NA	
2	17	1427	0.9353	
2	18	1023	0.9107	
2	19	5	1.3475	
2	20	0	NA	
2	21	745	0.9044	
2	22	828	0.9453	
2	23	859	0.9444	
2	24	846	0.9508	
2	25	1004	0.9379	
2	26	704	0.9196	
2	27	1045	0.9434	
2	28	1048	0.8936	
2	29	1113	0.8429	
2	30	758	0.8892	
2	31	0	NA	
2	32	0	NA	
2	33	1120	0.912	
2	34	978	0.8881	
2	35	2	25.1327	
2	36	12	0.9674	
2	37	0	NA	
2	38	0	NA	
2	39	0	NA	
2	40	0	NA	
2	41	836	0.8953	
2	42	1011	0.935	
2	43	1087	0.9489	
2	44	610	0.8926	
2	45	0	NA	
2	46	0	NA	
2	47	5	0.7355	
2	48	1373	0.9344	
3	1	0	NA	
3	2	0	NA	
3	3	802	0.9561	
3	4	1094	0.8743	
3	5	1342	0.8826	
3	6	1191	0.8036	
3	7	504	0.8886	
3	8	583	0.9211	
3	9	616	0.9014	
3	10	733	0.9027	
3	11	1259	0.9016	
3	12	945	0.9086	
3	13	764	0.8271	
3	14	661	0.9268	
3	15	797	0.8443	
3	16	694	0.7836	
3	17	989	0.9108	
3	18	897	0.922	
3	19	957	0.9031	
3	20	1050	0.8527	
3	21	822	0.8423	
3	22	709	0.9	
3	23	778	0.8784	
3	24	924	0.8846	
3	25	0	NA	
3	26	0	NA	
3	27	926	0.9239	
3	28	822	0.9385	
3	29	703	0.8837	
3	30	513	0.9044	
3	31	853	0.9482	
3	32	814	0.9398	
3	33	636	0.8918	
3	34	488	0.8724	
3	35	1026	0.8834	
3	36	981	0.8945	
3	37	736	0.8833	
3	38	667	0.8756	
3	39	931	0.937	
3	40	948	0.8819	
3	41	1068	0.902	
3	42	1061	0.8722	
3	43	0	NA	
3	44	0	NA	
3	45	0	NA	
3	46	0	NA	
3	47	22	1.0173	
3	48	184	0.8317	S
4	1	0	NA	
4	2	0	NA	
4	3	1317	0.9233	
4	4	1137	0.9002	
4	5	1263	0.8998	
4	6	471	0.8889	
4	7	1391	0.8654	
4	8	0	NA	
4	9	731	0.8674	
4	10	815	0.896	
4	11	888	0.8753	
4	12	294	0.9105	
4	13	707	0.9018	
4	14	810	0.9045	
4	15	764	0.8119	
4	16	534	0.9158	
4	17	1033	0.8179	
4	18	1035	0.8911	
4	19	760	0.8139	
4	20	896	0.9113	
4	21	910	0.8381	
4	22	611	0.8567	
4	23	437	0.9259	
4	24	613	0.9201	
4	25	0	NA	
4	26	0	NA	
4	27	855	0.9357	
4	28	848	0.881	
4	29	619	0.9513	
4	30	504	0.8886	
4	31	831	0.8996	
4	32	778	0.9127	
4	33	751	0.9533	
4	34	575	0.9292	
4	35	939	0.9492	
4	36	924	0.8668	
4	37	688	0.9252	
4	38	628	0.9075	
4	39	748	0.9339	
4	40	598	0.9558	
4	41	978	0.946	
4	42	896	0.8491	
4	43	0	NA	
4	44	0	NA	
4	45	0	NA	
4	46	0	NA	
4	47	1	Inf	
4	48	6	0.5549	C
5	1	0	NA	
5	2	0	NA	
5	3	0	NA	
5	4	0	NA	
5	5	0	NA	
5	6	0	NA	
5	7	0	NA	
5	8	0	NA	
5	9	1118	0.877	
5	10	864	0.8605	
5	11	221	1.0027	
5	12	676	0.8937	
5	13	236	0.9248	
5	14	273	0.9134	
5	15	0	NA	
5	16	381	0.775	
5	17	0	NA	
5	18	0	NA	
5	19	385	0.9502	
5	20	409	0.8112	
5	21	0	NA	
5	22	0	NA	
5	23	664	0.8716	
5	24	806	0.9411	
5	25	972	0.8688	
5	26	872	0.9099	
5	27	138	0.77	
5	28	109	0.7277	
5	29	697	0.9487	
5	30	849	0.9437	
5	31	858	0.9537	
5	32	832	0.8436	
5	33	421	0.9317	
5	34	339	0.9229	
5	35	826	0.904	
5	36	890	0.9531	
5	37	0	NA	
5	38	0	NA	
5	39	778	0.8648	
5	40	1014	0.9064	
5	41	756	0.8312	
5	42	882	0.8877	
5	43	886	0.9446	
5	44	1131	0.8804	
5	45	0	NA	
5	46	0	NA	
5	47	114	0.9433	S
5	48	0	NA	
6	1	994	0.8798	
6	2	0	NA	
6	3	0	NA	
6	4	0	NA	
6	5	0	NA	
6	6	0	NA	
6	7	838	0.8866	
6	8	6	0.5549	C
6	9	936	0.9037	
6	10	822	0.9137	
6	11	229	0.944	
6	12	0	NA	
6	13	333	0.87	
6	14	731	0.9171	
6	15	0	NA	
6	16	0	NA	
6	17	0	NA	
6	18	5	5.3901	
6	19	385	0.8907	
6	20	519	0.9203	
6	21	0	NA	
6	22	0	NA	
6	23	750	0.9001	
6	24	825	0.874	
6	25	848	0.9041	
6	26	951	0.8832	
6	27	13	0.6813	
6	28	0	NA	
6	29	1028	0.8937	
6	30	931	0.9177	
6	31	799	0.8784	
6	32	770	0.2473	C
6	33	291	0.987	
6	34	421	0.9174	
6	35	926	0.9418	
6	36	848	0.8944	
6	37	0	NA	
6	38	0	NA	
6	39	912	0.8555	
6	40	814	0.9048	
6	41	723	0.8819	
6	42	959	0.8832	
6	43	943	0.9028	
6	44	1033	0.8981	
6	45	0	NA	
6	46	0	NA	
6	47	127	0.7057	S
6	48	138	0.9765	S
7	1	0	NA	
7	2	0	NA	
7	3	0	NA	
7	4	0	NA	
7	5	0	NA	
7	6	0	NA	
7	7	0	NA	
7	8	0	NA	
7	9	764	0.9065	
7	10	906	0.9079	
7	11	389	0.8801	
7	12	527	0.8747	
7	13	898	0.8983	
7	14	783	0.8743	
7	15	570	0.876	
7	16	437	0.8905	
7	17	920	0.9357	
7	18	909	0.8406	
7	19	696	0.8835	
7	20	935	0.8709	
7	21	825	0.8931	
7	22	919	0.9249	
7	23	248	0.8459	
7	24	445	0.8572	
7	25	673	0.8443	
7	26	846	0.8339	
7	27	547	0.8254	
7	28	809	0.9341	
7	29	465	0.9223	
7	30	236	1.0246	
7	31	15	0.4965	C
7	32	0	NA	
7	33	368	0.9848	
7	34	759	0.9366	
7	35	878	0.9025	
7	36	590	0.8634	
7	37	719	0.5702	C
7	38	851	0.9416	
7	39	755	0.8857	
7	40	800	0.9176	
7	41	791	0.9538	
7	42	857	0.9465	
7	43	0	NA	
7	44	0	NA	
7	45	529	0.885	
7	46	996	0.9343	
7	47	1259	0.8859	
7	48	1405	0.9399	
8	1	0	NA	
8	2	0	NA	
8	3	0	NA	
8	4	0	NA	
8	5	0	NA	
8	6	4	1.078	
8	7	0	NA	
8	8	266	0.9272	
8	9	994	0.9325	
8	10	890	0.8772	
8	11	525	0.8882	
8	12	668	0.8563	
8	13	864	0.8605	
8	14	1071	0.879	
8	15	498	0.9593	
8	16	534	0.9158	
8	17	1182	0.8452	
8	18	915	0.8402	
8	19	748	0.8512	
8	20	582	0.9231	
8	21	848	0.9081	
8	22	892	0.9169	
8	23	256	0.9359	
8	24	5	1.3475	
8	25	876	0.9044	
8	26	749	0.8512	
8	27	733	0.9461	
8	28	654	0.8795	
8	29	296	0.8618	
8	30	128	1.0591	
8	31	0	NA	
8	32	0	NA	
8	33	552	0.899	
8	34	444	0.9324	
8	35	623	0.8735	
8	36	875	0.962	
8	37	716	0.9044	
8	38	767	0.9015	
8	39	859	0.9199	
8	40	727	0.9496	
8	41	474	0.9264	
8	42	872	0.9003	
8	43	0	NA	
8	44	0	NA	
8	45	437	0.9671	
8	46	390	0.9255	
8	47	1350	0.8527	
8	48	1347	0.9361	
9	1	0	NA	
9	2	0	NA	
9	3	0	NA	
9	4	0	NA	
9	5	0	NA	
9	6	0	NA	
9	7	0	NA	
9	8	0	NA	
9	9	0	NA	
9	10	533	0.9017	
9	11	787	0.9233	
9	12	807	0.8122	
9	13	295	0.9379	
9	14	895	0.807	
9	15	0	NA	
9	16	0	NA	
9	17	124	0.8919	
9	18	144	0.8323	
9	19	70	0.9316	
9	20	264	0.8329	
9	21	965	0.8626	
9	22	856	0.4257	C
9	23	480	0.8931	
9	24	578	0.9594	
9	25	715	0.9499	
9	26	873	0.9013	
9	27	626	0.8418	
9	28	788	0.9394	
9	29	793	0.8679	
9	30	901	0.9302	
9	31	0	NA	
9	32	0	NA	
9	33	805	0.885	
9	34	566	0.9342	
9	35	0	NA	
9	36	257	0.9783	
9	37	684	0.8829	
9	38	460	0.8861	
9	39	5	2.1434	
9	40	166	1.0315	
9	41	266	0.9379	
9	42	645	0.9157	
9	43	2	25.1327	
9	44	2	25.1327	
9	45	457	0.8503	
9	46	590	0.8634	
9	47	0	NA	
9	48	0	NA	
10	1	0	NA	
10	2	0	NA	
10	3	0	NA	
10	4	0	NA	
10	5	0	NA	
10	6	14	0.3533	C
10	7	1	Inf	
10	8	0	NA	
10	9	696	0.8531	
10	10	566	0.8587	
10	11	871	0.8399	
10	12	848	0.8625	
10	13	676	0.8937	
10	14	489	0.9284	
10	15	0	NA	
10	16	0	NA	
10	17	706	0.8282	
10	18	189	0.971	
10	19	783	0.845	
10	20	28	0.8385	
10	21	895	0.8568	
10	22	899	0.5972	C
10	23	349	0.9737	
10	24	154	0.9226	
10	25	1068	0.9232	
10	26	652	0.903	
10	27	464	0.9203	
10	28	138	0.5362	C
10	29	750	0.87	
10	30	1139	0.8901	
10	31	0	NA	
10	32	0	NA	
10	33	0	NA	
10	34	438	0.8316	
10	35	1	Inf	
10	36	0	NA	
10	37	742	0.9309	
10	38	828	0.8548	
10	39	0	NA	
10	40	0	NA	
10	41	606	0.9096	
10	42	524	0.9238	
10	43	163	1.0285	
10	44	0	NA	
10	45	0	NA	
10	46	891	0.9297	
10	47	0	NA	
10	48	0	NA	
11	1	1409	0.8899	
11	2	1340	0.892	
11	3	0	NA	
11	4	0	NA	
11	5	0	NA	
11	6	803	0.8926	
11	7	0	NA	
11	8	1100	0.9078	
11	9	0	NA	
11	10	0	NA	
11	11	951	0.8707	
11	12	818	0.8471	
11	13	1000	0.8939	
11	14	988	0.8709	
11	15	0	NA	
11	16	0	NA	
11	17	387	0.9245	
11	18	389	0.8744	
11	19	595	0.951	
11	20	657	0.9327	
11	21	898	0.9038	
11	22	791	0.9538	
11	23	712	0.9082	
11	24	703	0.9453	
11	25	292	0.9825	
11	26	451	0.8512	
11	27	531	0.784	
11	28	517	0.8938	
11	29	637	0.9613	
11	30	749	0.8688	
11	31	0	NA	
11	32	560	0.955	
11	33	813	0.9179	
11	34	787	0.8788	
11	35	990	0.8702	
11	36	956	0.906	
11	37	190	0.9997	
11	38	19	0.2628	C
11	39	777	0.9478	
11	40	894	0.9093	
11	41	722	0.9274	
11	42	609	0.8846	
11	43	863	0.891	
11	44	1192	0.4798	C
11	45	249	0.8852	
11	46	1205	0.933	
11	47	1184	0.9015	
11	48	1190	0.803	
12	1	1129	0.923	
12	2	946	0.9057	
12	3	1495	0.9301	
12	4	0	NA	
12	5	985	0.8892	
12	6	1058	0.8815	
12	7	970	0.9422	
12	8	935	0.9312	
12	9	0	NA	
12	10	0	NA	
12	11	754	0.8989	
12	12	751	0.9312	
12	13	435	0.9479	
12	14	651	0.8649	
12	15	0	NA	
12	16	0	NA	
12	17	481	0.8897	
12	18	304	0.7942	
12	19	628	0.9287	
12	20	370	0.9505	
12	21	714	0.831	
12	22	873	0.8107	
12	23	802	0.9409	
12	24	670	0.9279	
12	25	461	0.9681	
12	26	332	0.8884	
12	27	485	0.9342	
12	28	383	0.961	
12	29	762	0.8798	
12	30	834	0.9128	
12	31	243	1.0143	
12	32	728	0.9672	
12	33	609	0.88	
12	34	853	0.5791	C
12	35	836	0.9545	
12	36	955	0.9512	
12	37	34	0.5031	C
12	38	8	0.5528	C
12	39	792	0.9397	
12	40	727	0.9496	
12	41	726	0.9108	
12	42	119	1.0602	
12	43	899	0.9009	
12	44	805	0.9251	
12	45	547	0.8791	
12	46	504	0.8479	
12	47	1024	0.9153	
12	48	1251	0.8959	
13	1	0	NA	
13	2	0	NA	
13	3	0	NA	
13	4	0	NA	
13	5	0	NA	
13	6	785	0.8726	
13	7	0	NA	
13	8	0	NA	
13	9	926	0.8564	
13	10	764	0.9631	
13	11	124	0.9174	
13	12	86	0.7496	
13	13	743	0.8816	
13	14	870	0.9038	
13	15	0	NA	
13	16	0	NA	
13	17	211	0.8569	
13	18	464	0.7732	
13	19	711	0.7409	
13	20	648	0.8464	
13	21	477	0.9721	
13	22	405	0.9104	
13	23	0	NA	
13	24	0	NA	
13	25	768	0.8968	
13	26	690	0.8515	
13	27	524	0.8816	
13	28	610	0.904	
13	29	636	0.8209	
13	30	670	0.9166	
13	31	486	0.9698	
13	32	454	0.9534	
13	33	826	0.9181	
13	34	796	0.919	
13	35	0	NA	
13	36	0	NA	
13	37	855	0.94	
13	38	775	0.9454	
13	39	314	0.9725	
13	40	345	0.9013	
13	41	917	0.9569	
13	42	837	0.9304	
13	43	865	0.9364	
13	44	970	0.8881	
13	45	0	NA	
13	46	0	NA	
13	47	0	NA	
13	48	943	0.9255	
14	1	0	NA	
14	2	0	NA	
14	3	0	NA	
14	4	0	NA	
14	5	0	NA	
14	6	1024	0.9337	
14	7	0	NA	
14	8	0	NA	
14	9	756	0.9055	
14	10	792	0.955	
14	11	104	0.9266	
14	12	167	0.8665	
14	13	896	0.7898	
14	14	685	0.8653	
14	15	0	NA	
14	16	0	NA	
14	17	217	1.0069	
14	18	502	0.6775	
14	19	825	0.7818	
14	20	935	0.85	
14	21	0	NA	
14	22	532	0.6574	
14	23	0	NA	
14	24	0	NA	
14	25	815	0.7226	
14	26	764	0.9065	
14	27	650	0.9392	
14	28	481	0.8823	
14	29	798	0.9214	
14	30	743	0.9169	
14	31	753	0.9447	
14	32	806	0.9245	
14	33	858	0.8953	
14	34	779	0.553	C
14	35	0	NA	
14	36	0	NA	
14	37	604	0.9353	
14	38	651	0.9824	
14	39	262	0.9238	
14	40	0	NA	
14	41	820	0.9319	
14	42	399	0.9848	
14	43	891	0.9062	
14	44	856	0.9167	
14	45	0	NA	
14	46	0	NA	
14	47	151	0.8513	
14	48	510	0.917	
15	1	1414	0.8974	
15	2	648	0.902	
15	3	0	NA	
15	4	10	0.2312	C
15	5	0	NA	
15	6	0	NA	
15	7	432	0.9413	
15	8	695	0.9078	
15	9	778	0.9536	
15	10	732	0.9077	
15	11	767	0.9312	
15	12	766	0.961	
15	13	132	0.8114	
15	14	442	0.9143	
15	15	564	0.641	
15	16	505	0.9286	
15	17	0	NA	
15	18	0	NA	
15	19	634	0.8781	
15	20	602	0.545	C
15	21	508	0.9645	
15	22	457	0.9658	
15	23	714	0.8668	
15	24	834	0.9522	
15	25	441	0.9548	
15	26	555	0.965	
15	27	684	0.9198	
15	28	853	0.9378	
15	29	211	0.808	
15	30	16	0.7954	
15	31	515	0.9525	
15	32	199	0.9756	
15	33	492	0.9154	
15	34	684	0.9542	
15	35	750	0.9255	
15	36	712	0.7914	
15	37	655	0.8659	
15	38	693	0.9598	
15	39	737	0.9095	
15	40	779	0.8659	
15	41	690	0.9556	
15	42	543	0.9084	
15	43	531	0.8376	
15	44	885	0.9137	
15	45	0	NA	
15	46	0	NA	
15	47	0	NA	
15	48	0	NA	
16	1	1194	0.9453	
16	2	874	0.9023	
16	3	12	0.4299	C
16	4	314	0.9307	
16	5	0	NA	
16	6	1291	0.8711	
16	7	577	0.9151	
16	8	657	0.9327	
16	9	733	0.9461	
16	10	720	0.9566	
16	11	775	0.9499	
16	12	759	0.8833	
16	13	278	0.925	
16	14	27	0.283	C
16	15	658	0.9002	
16	16	253	0.983	
16	17	0	NA	
16	18	0	NA	
16	19	415	0.9628	
16	20	504	0.9512	
16	21	544	0.8628	
16	22	588	0.9204	
16	23	764	0.9213	
16	24	698	0.8757	
16	25	432	0.9072	
16	26	594	0.9546	
16	27	767	0.9511	
16	28	725	0.9632	
16	29	381	0.9251	
16	30	130	0.9243	
16	31	182	0.9222	
16	32	37	0.5385	C
16	33	436	0.9649	
16	34	659	0.9523	
16	35	662	0.8751	
16	36	777	0.8773	
16	37	718	0.9222	
16	38	470	0.8745	
16	39	723	0.9027	
16	40	432	0.9353	
16	41	547	0.9381	
16	42	597	0.9366	
16	43	752	0.9546	
16	44	887	0.9397	
16	45	0	NA	
16	46	12	0.8292	
16	47	0	NA	
16	48	0	NA	
17	1	4	1.078	
17	2	5	0.7355	
17	3	0	NA	
17	4	0	NA	
17	5	1110	0.9039	
17	6	891	0.8782	
17	7	0	NA	
17	8	0	NA	
17	9	793	0.9303	
17	10	755	0.9317	
17	11	0	NA	
17	12	0	NA	
17	13	158	0.9466	
17	14	373	0.9269	
17	15	788	0.9098	
17	16	903	0.613	
17	17	810	0.9045	
17	18	722	0.9385	
17	19	782	0.943	
17	20	894	0.9133	
17	21	440	0.9588	
17	22	599	0.9627	
17	23	0	NA	
17	24	0	NA	
17	25	742	0.8948	
17	26	723	0.9491	
17	27	715	0.9615	
17	28	754	0.9092	
17	29	590	0.9186	
17	30	686	0.9225	
17	31	686	0.9619	
17	32	773	0.9429	
17	33	532	0.925	
17	34	709	0.9534	
17	35	567	0.8828	
17	36	777	0.9478	
17	37	615	0.9575	
17	38	591	0.9201	
17	39	688	0.9095	
17	40	729	0.9101	
17	41	0	NA	
17	42	0	NA	
17	43	819	0.9247	
17	44	1017	0.9311	
17	45	0	NA	
17	46	141	0.7493	
17	47	1122	0.9137	
17	48	1167	0.8838	
18	1	0	NA	
18	2	0	NA	
18	3	0	NA	
18	4	0	NA	
18	5	966	0.9024	
18	6	922	0.9239	
18	7	0	NA	
18	8	0	NA	
18	9	720	0.9033	
18	10	799	0.8881	
18	11	0	NA	
18	12	0	NA	
18	13	49	1.0271	
18	14	219	0.8337	
18	15	499	0.8726	
18	16	693	0.9319	
18	17	756	0.6215	
18	18	1030	0.8524	
18	19	676	0.8581	
18	20	584	0.8733	
18	21	466	0.958	
18	22	404	0.9435	
18	23	0	NA	
18	24	0	NA	
18	25	764	0.9585	
18	26	814	0.9549	
18	27	708	0.8839	
18	28	724	0.9571	
18	29	564	0.9807	
18	30	838	0.8744	
18	31	648	0.9247	
18	32	638	0.9336	
18	33	633	0.9603	
18	34	394	0.9566	
18	35	776	0.9576	
18	36	752	0.9325	
18	37	298	0.9837	
18	38	486	0.9698	
18	39	605	0.9178	
18	40	746	0.9469	
18	41	0	NA	
18	42	0	NA	
18	43	847	0.9415	
18	44	837	0.8923	
18	45	0	NA	
18	46	0	NA	
18	47	1080	0.8655	
18	48	1188	0.8964	
19	1	1168	0.9334	
19	2	942	0.8529	
19	3	1013	0.8807	
19	4	698	0.9386	
19	5	0	NA	
19	6	0	NA	
19	7	841	0.8776	
19	8	727	0.943	
19	9	706	0.9222	
19	10	695	0.9078	
19	11	734	0.9363	
19	12	757	0.9025	
19	13	731	0.9171	
19	14	824	0.9261	
19	15	726	0.9261	
19	16	755	0.9104	
19	17	570	0.9589	
19	18	647	0.9517	
19	19	483	0.944	
19	20	554	0.932	
19	21	648	0.9086	
19	22	744	0.9444	
19	23	571	0.889	
19	24	649	0.9378	
19	25	27	1.1319	
19	26	128	0.7868	
19	27	446	0.945	
19	28	401	0.8682	
19	29	684	0.8581	
19	30	695	0.9188	
19	31	601	0.9606	
19	32	671	0.9133	
19	33	613	0.9722	
19	34	729	0.919	
19	35	51	1.0002	
19	36	66	0.9026	
19	37	840	0.9193	
19	38	804	0.9388	
19	39	409	0.9296	
19	40	455	0.9496	
19	41	720	0.9405	
19	42	845	0.9393	
19	43	373	0.9813	
19	44	506	0.8798	
19	45	567	0.8667	
19	46	793	0.9156	
19	47	904	0.9098	
19	48	1044	0.9113	
20	1	839	0.9124	
20	2	1104	0.9111	
20	3	1049	0.9068	
20	4	863	0.9488	
20	5	5	0.7355	
20	6	0	NA	
20	7	753	0.908	
20	8	754	0.9198	
20	9	670	0.9279	
20	10	643	0.9459	
20	11	673	0.8941	
20	12	652	0.8812	
20	13	669	0.9152	
20	14	540	0.8678	
20	15	793	0.9156	
20	16	727	0.9384	
20	17	589	0.9241	
20	18	657	0.9099	
20	19	541	0.8979	
20	20	314	0.9307	
20	21	717	0.9412	
20	22	665	0.949	
20	23	453	0.9659	
20	24	711	0.8673	
20	25	117	1.0757	
20	26	268	0.945	
20	27	434	0.9254	
20	28	239	0.8841	
20	29	748	0.9495	
20	30	643	0.9409	
20	31	578	0.9289	
20	32	542	0.8946	
20	33	337	0.9569	
20	34	577	0.8707	
20	35	10	0.2766	C
20	36	0	NA	
20	37	856	0.9167	
20	38	774	0.908	
20	39	672	0.8431	
20	40	13	0.7192	
20	41	649	0.9147	
20	42	700	0.8539	
20	43	711	0.892	
20	44	606	0.8757	
20	45	526	0.9786	
20	46	410	0.9216	
20	47	925	0.8554	
20	48	1129	0.9281	
21	1	916	0.9457	
21	2	721	0.8653	
21	3	637	0.8086	
21	4	834	0.9478	
21	5	0	NA	
21	6	0	NA	
21	7	741	0.8499	
21	8	685	0.8738	
21	9	595	0.8491	
21	10	591	0.9679	
21	11	669	0.9265	
21	12	616	0.9061	
21	13	648	0.6661	
21	14	621	0.8862	
21	15	659	0.9127	
21	16	643	0.958	
21	17	702	0.928	
21	18	769	0.9273	
21	19	0	NA	
21	20	0	NA	
21	21	665	0.9441	
21	22	707	0.9507	
21	23	558	0.944	
21	24	611	0.9103	
21	25	672	0.9082	
21	26	683	0.9185	
21	27	600	0.9643	
21	28	622	0.9267	
21	29	575	0.9365	
21	30	552	0.9414	
21	31	571	0.9606	
21	32	753	0.8834	
21	33	276	0.9213	
21	34	196	0.9302	
21	35	591	0.8918	
21	36	614	0.9559	
21	37	539	0.9692	
21	38	181	0.9855	
21	39	629	0.9089	
21	40	632	0.9248	
21	41	751	0.9268	
21	42	773	0.9384	
21	43	688	0.9141	
21	44	759	0.9412	
21	45	368	0.9297	
21	46	809	0.8992	
21	47	863	0.9445	
21	48	1006	0.9303	
22	1	927	0.947	
22	2	846	0.8789	
22	3	864	0.9153	
22	4	785	0.9166	
22	5	0	NA	
22	6	4	4.3121	
22	7	769	0.9021	
22	8	681	0.8687	
22	9	670	0.8606	
22	10	654	0.957	
22	11	632	0.9588	
22	12	570	0.9643	
22	13	353	0.9849	
22	14	615	0.5104	C
22	15	553	0.9303	
22	16	591	0.854	
22	17	729	0.9254	
22	18	525	0.9256	
22	19	0	NA	
22	20	0	NA	
22	21	738	0.9526	
22	22	653	0.8429	
22	23	612	0.8956	
22	24	738	0.9368	
22	25	682	0.9563	
22	26	598	0.9663	
22	27	691	0.957	
22	28	635	0.946	
22	29	580	0.9149	
22	30	601	0.9659	
22	31	672	0.954	
22	32	795	0.8086	
22	33	447	0.9471	
22	34	36	0.9959	
22	35	626	0.9447	
22	36	523	0.9593	
22	37	262	0.9773	
22	38	14	0.8385	
22	39	524	0.8816	
22	40	236	1.0155	
22	41	792	0.9187	
22	42	717	0.9479	
22	43	770	0.9136	
22	44	824	0.9304	
22	45	550	0.9563	
22	46	347	0.9852	
22	47	994	0.8973	
22	48	1066	0.9178	
23	1	0	NA	
23	2	0	NA	
23	3	826	0.5199	C
23	4	702	0.9488	
23	5	743	0.9063	
23	6	559	0.972	
23	7	665	0.9098	
23	8	631	0.9118	
23	9	680	0.8777	
23	10	682	0.8657	
23	11	640	0.9133	
23	12	597	0.9295	
23	13	710	0.9164	
23	14	517	0.9167	
23	15	612	0.9235	
23	16	546	0.9186	
23	17	713	0.9203	
23	18	715	0.9499	
23	19	707	0.8767	
23	20	699	0.8429	
23	21	796	0.9338	
23	22	809	0.9134	
23	23	636	0.9076	
23	24	676	0.9045	
23	25	597	0.9594	
23	26	653	0.8192	
23	27	652	0.9142	
23	28	674	0.9063	
23	29	568	0.9556	
23	30	607	0.8771	
23	31	533	0.9141	
23	32	595	0.9386	
23	33	684	0.7348	
23	34	687	0.9018	
23	35	693	0.9549	
23	36	619	0.9222	
23	37	776	0.886	
23	38	712	0.9574	
23	39	513	0.9224	
23	40	489	0.9699	
23	41	669	0.9429	
23	42	719	0.9505	
23	43	361	0.9274	
23	44	457	0.9597	
23	45	476	0.9169	
23	46	497	0.8762	
23	47	900	0.8795	
23	48	703	0.9074	
24	1	0	NA	
24	2	1	Inf	
24	3	864	0.9499	
24	4	780	0.9515	
24	5	818	0.8112	
24	6	444	0.838	
24	7	690	0.9392	
24	8	636	0.9475	
24	9	694	0.8369	
24	10	651	0.9407	
24	11	609	0.9482	
24	12	629	0.8865	
24	13	604	0.9233	
24	14	559	0.9404	
24	15	651	0.9128	
24	16	605	0.9014	
24	17	780	0.9194	
24	18	762	0.9189	
24	19	782	0.9475	
24	20	529	0.9251	
24	21	852	0.9026	
24	22	847	0.927	
24	23	657	0.9665	
24	24	313	0.9694	
24	25	580	0.8641	
24	26	653	0.2194	C
24	27	594	0.885	
24	28	622	0.9508	
24	29	735	0.9441	
24	30	661	0.9384	
24	31	618	0.9447	
24	32	621	0.9252	
24	33	754	0.9524	
24	34	724	0.8832	
24	35	482	0.879	
24	36	432	0.8272	
24	37	723	0.8922	
24	38	682	0.9171	
24	39	554	0.932	
24	40	558	0.9702	
24	41	684	0.931	
24	42	637	0.949	
24	43	410	0.785	
24	44	768	0.4374	C
24	45	674	0.9499	
24	46	509	0.91	
24	47	581	0.9774	
24	48	475	0.8786	
25	1	1073	0.9026	
25	2	1069	0.9028	
25	3	14	0.4192	C
25	4	34	0.9944	
25	5	577	0.9273	
25	6	320	0.9316	
25	7	420	0.8688	
25	8	821	0.8413	
25	9	38	1.2059	
25	10	1	Inf	
25	11	676	0.6635	
25	12	706	0.9542	
25	13	612	0.8956	
25	14	576	0.8968	
25	15	425	0.9062	
25	16	411	0.9385	
25	17	132	0.8647	
25	18	119	0.9169	
25	19	662	0.8647	
25	20	612	0.8956	
25	21	113	0.8707	
25	22	132	1.005	
25	23	651	0.8906	
25	24	645	0.9369	
25	25	474	0.9744	
25	26	527	0.8469	
25	27	549	0.9546	
25	28	625	0.8809	
25	29	506	0.955	
25	30	499	0.91	
25	31	631	0.9351	
25	32	649	0.9669	
25	33	498	0.9081	
25	34	565	0.9031	
25	35	604	0.9404	
25	36	651	0.9699	
25	37	239	0.9286	
25	38	289	0.8788	
25	39	698	0.886	
25	40	704	0.9087	
25	41	674	0.8804	
25	42	444	0.9613	
25	43	792	0.8481	
25	44	899	0.8545	
25	45	39	0.9488	
25	46	27	0.7897	
25	47	1020	0.93	
25	48	584	0.9092	
26	1	1032	0.9449	
26	2	914	0.8878	
26	3	153	0.907	
26	4	3	3.2341	
26	5	746	0.8653	
26	6	495	0.921	
26	7	549	0.9236	
26	8	664	0.9475	
26	9	6	1.2303	
26	10	0	NA	
26	11	710	0.9386	
26	12	736	0.95	
26	13	581	0.9643	
26	14	520	0.9538	
26	15	549	0.9546	
26	16	447	0.9471	
26	17	59	1.1053	
26	18	122	0.9679	
26	19	705	0.8802	
26	20	770	0.9393	
26	21	171	0.8581	
26	22	123	0.7821	
26	23	838	0.8372	
26	24	682	0.8556	
26	25	610	0.8705	
26	26	567	0.9539	
26	27	615	0.9047	
26	28	692	0.9039	
26	29	606	0.9145	
26	30	562	0.9276	
26	31	709	0.97	
26	32	604	0.9455	
26	33	583	0.9369	
26	34	576	0.8968	
26	35	517	0.9115	
26	36	427	0.9598	
26	37	281	0.935	
26	38	394	0.9566	
26	39	486	0.9172	
26	40	375	0.9319	
26	41	515	0.8664	
26	42	462	0.8474	
26	43	762	0.9145	
26	44	852	0.9265	
26	45	0	NA	
26	46	0	NA	
26	47	171	0.931	
26	48	381	0.9127	
27	1	1011	0.935	
27	2	815	0.693	
27	3	8	0.6899	
27	4	728	0.9557	
27	5	519	0.9656	
27	6	538	0.9355	
27	7	231	0.9642	
27	8	239	1.0192	
27	9	570	0.828	
27	10	457	0.9597	
27	11	604	0.9066	
27	12	576	0.9136	
27	13	438	0.9845	
27	14	529	0.9457	
27	15	638	0.8235	
27	16	610	0.8628	
27	17	705	0.8993	
27	18	615	0.7807	
27	19	461	0.901	
27	20	414	0.9306	
27	21	227	0.9559	
27	22	249	0.9793	
27	23	664	0.6403	
27	24	690	0.9359	
27	25	399	0.9688	
27	26	493	0.9636	
27	27	440	0.9588	
27	28	476	0.9641	
27	29	605	0.9248	
27	30	585	0.9157	
27	31	596	0.9578	
27	32	633	0.9552	
27	33	628	0.9477	
27	34	746	0.925	
27	35	622	0.915	
27	36	476	0.9786	
27	37	695	0.9508	
27	38	622	0.8988	
27	39	707	0.9507	
27	40	686	0.8708	
27	41	665	0.921	
27	42	680	0.919	
27	43	563	0.8881	
27	44	867	0.7882	
27	45	0	NA	
27	46	527	0.8866	
27	47	736	0.9126	
27	48	828	0.9103	
28	1	1143	0.922	
28	2	861	0.9466	
28	3	604	0.4245	C
28	4	631	0.9118	
28	5	640	0.9535	
28	6	647	0.8915	
28	7	220	0.899	
28	8	396	0.9102	
28	9	441	0.9609	
28	10	420	0.9295	
28	11	684	0.8441	
28	12	576	0.956	
28	13	436	0.9649	
28	14	716	0.9089	
28	15	582	0.9479	
28	16	626	0.9497	
28	17	653	0.9044	
28	18	473	0.8965	
28	19	321	0.9514	
28	20	512	0.9663	
28	21	178	0.1434	C
28	22	150	1.0208	
28	23	823	0.9148	
28	24	692	0.8277	
28	25	587	0.9434	
28	26	458	0.9374	
28	27	613	0.8904	
28	28	491	0.9655	
28	29	562	0.4392	C
28	30	133	0.6459	
28	31	704	0.898	
28	32	365	0.8335	
28	33	673	0.9604	
28	34	723	0.8255	
28	35	655	0.9635	
28	36	447	0.9329	
28	37	702	0.9604	
28	38	682	0.9237	
28	39	601	0.8841	
28	40	661	0.8889	
28	41	656	0.9198	
28	42	821	0.5125	C
28	43	689	0.9045	
28	44	843	0.8559	
28	45	502	0.8974	
28	46	206	0.5997	C
28	47	657	0.9614	
28	48	902	0.9118	
29	1	42	0.9055	
29	2	26	0.6231	
29	3	808	0.4212	C
29	4	699	0.932	
29	5	835	0.9385	
29	6	718	0.7099	
29	7	655	0.3995	C
29	8	841	0.2789	C
29	9	647	0.418	C
29	10	506	0.9098	
29	11	780	0.4379	C
29	12	680	0.8432	
29	13	0	NA	
29	14	0	NA	
29	15	830	0.8985	
29	16	654	0.8839	
29	17	285	0.9232	
29	18	399	0.7174	
29	19	815	0.4364	C
29	20	824	0.3896	C
29	21	525	0.3582	C
29	22	699	0.3385	C
29	23	782	0.52	C
29	24	648	0.867	
29	25	659	0.9404	
29	26	528	0.9056	
29	27	665	0.567	C
29	28	678	0.4493	C
29	29	755	0.386	C
29	30	723	0.2748	C
29	31	667	0.9518	
29	32	682	0.9397	
29	33	438	0.9198	
29	34	465	0.9279	
29	35	598	0.9072	
29	36	437	0.9522	
29	37	513	0.8401	
29	38	529	0.89	
29	39	721	0.8595	
29	40	688	0.9141	
29	41	488	0.8826	
29	42	583	0.8732	
29	43	11	0.484	C
29	44	349	0.9117	
29	45	0	NA	
29	46	1098	0.8775	
29	47	518	0.9581	
29	48	1105	0.9422	
30	1	43	0.8548	
30	2	0	NA	
30	3	611	0.4158	C
30	4	583	0.3373	C
30	5	718	0.6023	
30	6	810	0.4624	C
30	7	851	0.5552	C
30	8	725	0.3964	C
30	9	428	0.7728	
30	10	226	0.6184	
30	11	779	0.9457	
30	12	788	0.8897	
30	13	4	6.2832	
30	14	3	37.6991	
30	15	901	0.4661	C
30	16	917	0.5772	C
30	17	353	0.961	
30	18	643	0.4634	C
30	19	860	0.8747	
30	20	976	0.5131	C
30	21	805	0.881	
30	22	748	0.4294	C
30	23	888	0.4459	C
30	24	762	0.669	
30	25	457	0.4057	C
30	26	660	0.8448	
30	27	718	0.4226	C
30	28	547	0.4286	C
30	29	542	0.5084	C
30	30	790	0.615	
30	31	720	0.5732	C
30	32	737	0.8192	
30	33	432	0.7542	
30	34	576	0.6284	
30	35	379	0.9509	
30	36	155	0.8379	
30	37	655	0.9514	
30	38	602	0.9423	
30	39	777	0.9013	
30	40	929	0.8959	
30	41	797	0.9306	
30	42	618	0.9326	
30	43	515	0.9079	
30	44	330	0.9141	
30	45	945	0.9086	
30	46	619	0.9058	
30	47	841	0.9104	
30	48	1131	0.9039	
31	1	1294	0.9072	
31	2	518	0.4771	C
31	3	779	0.9439	
31	4	691	0.918	
31	5	918	0.8336	
31	6	754	0.5176	C
31	7	669	0.4482	C
31	8	920	0.6096	
31	9	696	0.9266	
31	10	856	0.4925	C
31	11	58	1.0335	
31	12	42	0.8237	
31	13	913	0.4052	C
31	14	955	0.5009	C
31	15	377	0.7938	
31	16	780	0.8778	
31	17	717	0.3544	C
31	18	752	0.9434	
31	19	176	0.4196	C
31	20	414	0.8385	
31	21	830	0.6183	
31	22	990	0.5454	C
31	23	589	0.6288	
31	24	346	0.2077	C
31	25	910	0.7292	
31	26	863	0.505	C
31	27	795	0.5588	C
31	28	738	0.9259	
31	29	766	0.6279	
31	30	776	0.6727	
31	31	749	0.8235	
31	32	737	0.899	
31	33	770	0.8991	
31	34	663	0.866	
31	35	793	0.8815	
31	36	859	0.9031	
31	37	803	0.7847	
31	38	932	0.8389	
31	39	0	NA	
31	40	0	NA	
31	41	952	0.883	
31	42	765	0.8104	
31	43	773	0.9429	
31	44	1084	0.8471	
31	45	734	0.8851	
31	46	869	0.9165	
31	47	1036	0.8715	
31	48	1112	0.8887	
32	1	580	0.9199	
32	2	758	0.9399	
32	3	1163	0.947	
32	4	938	0.9302	
32	5	865	0.9026	
32	6	906	0.9255	
32	7	1245	0.8837	
32	8	893	0.8317	
32	9	992	0.9361	
32	10	1123	0.9059	
32	11	338	0.9268	
32	12	65	0.8651	
32	13	1215	0.9202	
32	14	1190	0.9013	
32	15	366	0.9033	
32	16	821	0.9067	
32	17	916	0.9316	
32	18	988	0.9009	
32	19	550	0.9752	
32	20	301	0.975	
32	21	934	0.8373	
32	22	1043	0.9141	
32	23	478	0.9741	
32	24	873	0.9494	
32	25	974	0.6074	
32	26	1091	0.8338	
32	27	1065	0.9206	
32	28	965	0.8541	
32	29	1258	0.6364	
32	30	1061	0.9484	
32	31	1023	0.9018	
32	32	962	0.8987	
32	33	985	0.4983	C
32	34	975	0.9471	
32	35	1034	0.9	
32	36	868	0.9397	
32	37	1112	0.8587	
32	38	1124	0.8948	
32	39	0	NA	
32	40	11	1.1278	
32	41	1113	0.9149	
32	42	997	0.4836	C
32	43	1223	0.8273	
32	44	1010	0.9028	
32	45	887	0.8579	
32	46	918	0.8612	
32	47	1103	0.6657	
32	48	1213	0.5723	C
