# gitter v1.0.3 data file generated on Wed Feb 25 11:12:07 2015			
# Warning possible misgridding: high count of small colony sizes, high count of low colony circularity"				
# Flags: S - Colony spill or edge interference, C - Low colony circularity"		
# row	col	size	circularity	flags
1	1	0	NA	
1	2	0	NA	
1	3	1241	0.8887	
1	4	1245	0.9344	
1	5	1274	0.9356	
1	6	1440	0.9248	
1	7	0	NA	
1	8	0	NA	
1	9	24	1.0061	
1	10	28	1.0297	
1	11	1369	0.831	
1	12	1160	0.8913	
1	13	1226	0.9167	
1	14	1196	0.8829	
1	15	1089	0.851	
1	16	1079	0.9201	
1	17	1226	0.7609	
1	18	1041	0.851	
1	19	1121	0.9043	
1	20	1054	0.9111	
1	21	1179	0.8816	
1	22	1171	0.8168	
1	23	1126	0.8964	
1	24	1235	0.8354	
1	25	1117	0.8505	
1	26	1191	0.902	
1	27	466	0.8869	
1	28	553	0.8839	
1	29	1537	0.933	
1	30	512	0.947	
1	31	1284	0.9114	
1	32	1197	0.8758	
1	33	680	0.937	
1	34	314	1.0171	
1	35	1095	0.9248	
1	36	1256	0.9238	
1	37	12	0.5839	C
1	38	0	NA	
1	39	1174	0.8858	
1	40	1349	0.9181	
1	41	1372	0.8992	
1	42	1339	0.8851	
1	43	0	NA	
1	44	921	0.9039	
1	45	0	NA	
1	46	0	NA	
1	47	22	0.8868	
1	48	925	0.8729	
2	1	0	NA	
2	2	0	NA	
2	3	1039	0.8437	
2	4	1088	0.8456	
2	5	1061	0.8674	
2	6	1066	0.8967	
2	7	0	NA	
2	8	0	NA	
2	9	5	1.9635	
2	10	1	Inf	
2	11	1123	0.9094	
2	12	900	0.9292	
2	13	894	0.9065	
2	14	677	0.9376	
2	15	810	0.9248	
2	16	882	0.9344	
2	17	991	0.9352	
2	18	1084	0.855	
2	19	759	0.9006	
2	20	900	0.8432	
2	21	1059	0.8944	
2	22	639	0.9052	
2	23	963	0.8573	
2	24	921	0.8604	
2	25	1031	0.8791	
2	26	1092	0.9349	
2	27	384	0.8909	
2	28	173	1.0255	
2	29	807	0.9214	
2	30	83	1.0474	
2	31	989	0.8683	
2	32	1089	0.9414	
2	33	694	0.9286	
2	34	701	0.959	
2	35	837	0.8963	
2	36	1109	0.9152	
2	37	428	0.9126	
2	38	451	0.9134	
2	39	424	0.9745	
2	40	840	0.8418	
2	41	993	0.8753	
2	42	1061	0.884	
2	43	317	0.9161	
2	44	18	0.8323	
2	45	0	NA	
2	46	550	0.9563	
2	47	1505	0.8857	
2	48	1561	0.894	
3	1	683	0.9185	
3	2	931	0.8734	
3	3	786	0.9117	
3	4	635	0.9292	
3	5	901	0.8167	
3	6	982	0.9119	
3	7	426	0.7926	
3	8	616	0.8637	
3	9	0	NA	
3	10	0	NA	
3	11	951	0.8393	
3	12	666	0.6613	
3	13	768	0.8576	
3	14	907	0.894	
3	15	0	NA	
3	16	0	NA	
3	17	0	NA	
3	18	0	NA	
3	19	595	0.9144	
3	20	606	0.8757	
3	21	894	0.8998	
3	22	867	0.9386	
3	23	136	1.0062	
3	24	840	0.9441	
3	25	1046	0.8099	
3	26	976	0.9026	
3	27	829	0.8469	
3	28	970	0.8844	
3	29	0	NA	
3	30	0	NA	
3	31	899	0.9104	
3	32	950	0.8374	
3	33	826	0.7639	
3	34	841	0.8842	
3	35	813	0.8938	
3	36	761	0.8238	
3	37	905	0.9485	
3	38	859	0.8645	
3	39	818	0.8627	
3	40	843	0.8601	
3	41	175	0.9765	
3	42	886	0.8824	
3	43	0	NA	
3	44	0	NA	
3	45	863	0.9033	
3	46	584	0.9043	
3	47	0	NA	
3	48	49	0.9609	
4	1	891	0.9046	
4	2	798	0.9513	
4	3	429	0.9643	
4	4	350	0.9461	
4	5	1006	0.9119	
4	6	992	0.861	
4	7	500	0.9303	
4	8	516	0.9024	
4	9	0	NA	
4	10	0	NA	
4	11	881	0.8584	
4	12	554	0.8855	
4	13	840	0.8645	
4	14	859	0.9199	
4	15	0	NA	
4	16	0	NA	
4	17	0	NA	
4	18	0	NA	
4	19	565	0.9326	
4	20	671	0.8476	
4	21	829	0.9257	
4	22	339	0.939	
4	23	183	0.8628	
4	24	65	1.0949	
4	25	887	0.8834	
4	26	810	0.8415	
4	27	933	0.9157	
4	28	926	0.822	
4	29	0	NA	
4	30	0	NA	
4	31	778	0.9054	
4	32	694	0.9065	
4	33	809	0.8935	
4	34	770	0.889	
4	35	842	0.8601	
4	36	799	0.8689	
4	37	768	0.8768	
4	38	790	0.6469	
4	39	612	0.8843	
4	40	532	0.883	
4	41	616	0.9591	
4	42	969	0.9413	
4	43	0	NA	
4	44	0	NA	
4	45	430	0.903	
4	46	630	0.8725	
4	47	666	0.9504	
4	48	1170	0.8828	
5	1	322	0.9375	
5	2	611	0.8941	
5	3	0	NA	
5	4	599	0.9205	
5	5	0	NA	
5	6	0	NA	
5	7	0	NA	
5	8	0	NA	
5	9	803	0.9358	
5	10	672	0.9354	
5	11	842	0.8179	
5	12	716	0.8818	
5	13	803	0.829	
5	14	798	0.8508	
5	15	720	0.8475	
5	16	654	0.8993	
5	17	853	0.8372	
5	18	848	0.8625	
5	19	843	0.8213	
5	20	815	0.903	
5	21	304	0.9591	
5	22	271	1.0025	
5	23	0	NA	
5	24	425	0.9768	
5	25	815	0.9059	
5	26	793	0.8913	
5	27	531	0.8813	
5	28	350	0.8401	
5	29	861	0.9321	
5	30	737	0.8549	
5	31	829	0.865	
5	32	766	0.9029	
5	33	602	0.9548	
5	34	748	0.9384	
5	35	728	0.9133	
5	36	746	0.9516	
5	37	574	0.8507	
5	38	856	0.9225	
5	39	660	0.9141	
5	40	767	0.9101	
5	41	0	NA	
5	42	397	0.9421	
5	43	1008	0.8398	
5	44	1141	0.8423	
5	45	415	0.8354	
5	46	1289	0.915	
5	47	226	0.7107	S
5	48	611	0.8783	
6	1	14	0.5754	C
6	2	291	0.8384	S
6	3	564	0.9309	
6	4	152	0.8786	
6	5	0	NA	
6	6	0	NA	
6	7	0	NA	
6	8	0	NA	
6	9	622	0.9436	
6	10	352	0.8547	
6	11	799	0.7876	
6	12	596	0.9042	
6	13	749	0.8828	
6	14	532	0.7756	
6	15	343	0.9405	
6	16	698	0.8474	
6	17	620	0.8237	
6	18	575	0.8383	
6	19	716	0.7633	
6	20	817	0.9477	
6	21	57	0.9044	
6	22	295	0.9815	
6	23	259	0.9207	
6	24	0	NA	
6	25	709	0.942	
6	26	771	0.9405	
6	27	436	0.8522	
6	28	706	0.8417	
6	29	812	0.9126	
6	30	762	0.9145	
6	31	735	0.9601	
6	32	748	0.9655	
6	33	832	0.859	
6	34	674	0.9618	
6	35	738	0.9107	
6	36	738	0.9002	
6	37	511	0.8764	
6	38	647	0.8657	
6	39	645	0.9438	
6	40	866	0.8808	
6	41	88	0.8353	
6	42	171	1.0245	
6	43	728	0.8984	
6	44	984	0.8883	
6	45	940	0.9322	
6	46	1423	0.8926	
6	47	621	0.9252	
6	48	1378	0.885	
7	1	1255	0.9134	
7	2	1098	0.8093	
7	3	793	0.9096	
7	4	972	0.8603	
7	5	906	0.9024	
7	6	1034	0.9243	
7	7	489	0.8671	
7	8	750	0.9044	
7	9	934	0.9302	
7	10	845	0.7397	
7	11	725	0.8802	
7	12	615	0.8444	
7	13	801	0.7303	
7	14	860	0.7986	
7	15	749	0.7437	
7	16	767	0.6761	
7	17	807	0.8604	
7	18	639	0.7859	
7	19	754	0.7952	
7	20	815	0.9561	
7	21	135	0.1166	C
7	22	98	0.901	
7	23	931	0.8823	
7	24	823	0.9048	
7	25	792	0.9291	
7	26	625	0.8345	
7	27	610	0.8973	
7	28	536	0.8132	
7	29	52	1.144	
7	30	0	NA	
7	31	707	0.8767	
7	32	720	0.9452	
7	33	0	NA	
7	34	0	NA	
7	35	770	0.9033	
7	36	365	0.9221	
7	37	695	0.8577	
7	38	825	0.907	
7	39	533	0.9397	
7	40	763	0.8388	
7	41	258	1.0024	
7	42	176	1.0173	
7	43	1015	0.9255	
7	44	885	0.9137	
7	45	639	0.849	
7	46	970	0.8933	
7	47	0	NA	
7	48	9	1.2128	
8	1	939	0.9082	
8	2	821	0.8476	
8	3	677	0.9493	
8	4	581	0.9515	
8	5	898	0.8723	
8	6	873	0.8918	
8	7	389	0.8476	
8	8	385	0.9198	
8	9	838	0.8783	
8	10	764	0.9585	
8	11	545	0.8331	
8	12	664	0.8716	
8	13	612	0.9118	
8	14	808	0.6273	
8	15	608	0.9591	
8	16	253	0.983	
8	17	806	0.8501	
8	18	850	0.8187	
8	19	830	0.7546	
8	20	843	0.9475	
8	21	0	NA	
8	22	37	0.8379	
8	23	845	0.9541	
8	24	819	0.8906	
8	25	578	0.8176	
8	26	464	0.8114	
8	27	530	0.9344	
8	28	393	0.8602	
8	29	0	NA	
8	30	0	NA	
8	31	755	0.9104	
8	32	518	0.8749	
8	33	699	0.9176	
8	34	425	0.4986	C
8	35	816	0.9421	
8	36	783	0.8295	
8	37	860	0.9412	
8	38	817	0.9081	
8	39	787	0.96	
8	40	898	0.8851	
8	41	286	0.9889	
8	42	241	0.8739	
8	43	955	0.7851	
8	44	926	0.9418	
8	45	1125	0.9075	
8	46	1056	0.9004	
8	47	0	NA	
8	48	16	0.7954	
9	1	895	0.938	
9	2	936	0.9186	
9	3	635	0.946	
9	4	506	0.8561	
9	5	676	0.9136	
9	6	839	0.9124	
9	7	904	0.8965	
9	8	801	0.8459	
9	9	768	0.7483	
9	10	804	0.8363	
9	11	656	0.9132	
9	12	307	0.8565	
9	13	374	0.8462	
9	14	357	0.8751	
9	15	767	0.7777	
9	16	728	0.854	
9	17	330	0.8682	
9	18	343	0.8961	
9	19	855	0.8882	
9	20	859	0.906	
9	21	0	NA	
9	22	0	NA	
9	23	949	0.8828	
9	24	767	0.9101	
9	25	622	0.8721	
9	26	728	0.9509	
9	27	693	0.8901	
9	28	761	0.8459	
9	29	819	0.9456	
9	30	835	0.8404	
9	31	744	0.9556	
9	32	555	0.9263	
9	33	727	0.9496	
9	34	800	0.928	
9	35	643	0.9128	
9	36	647	0.9639	
9	37	708	0.9094	
9	38	765	0.9395	
9	39	704	0.9196	
9	40	792	0.9042	
9	41	0	NA	
9	42	0	NA	
9	43	30	0.3557	C
9	44	0	NA	
9	45	917	0.9094	
9	46	919	0.9209	
9	47	0	NA	
9	48	60	0.952	
10	1	1244	0.9136	
10	2	1007	0.9001	
10	3	612	0.9118	
10	4	690	0.944	
10	5	755	0.9472	
10	6	684	0.8316	
10	7	796	0.8848	
10	8	811	0.9056	
10	9	771	0.8705	
10	10	816	0.9112	
10	11	501	0.9136	
10	12	753	0.8654	
10	13	319	0.988	
10	14	305	0.9275	
10	15	685	0.8623	
10	16	727	0.8489	
10	17	290	0.8913	
10	18	426	0.7059	
10	19	781	0.9162	
10	20	739	0.9164	
10	21	0	NA	
10	22	0	NA	
10	23	783	0.9551	
10	24	876	0.9044	
10	25	723	0.8718	
10	26	563	0.8496	
10	27	717	0.9164	
10	28	693	0.8945	
10	29	658	0.9226	
10	30	690	0.9556	
10	31	564	0.8621	
10	32	428	0.9411	
10	33	654	0.8795	
10	34	692	0.864	
10	35	731	0.9171	
10	36	740	0.9132	
10	37	683	0.9577	
10	38	756	0.9596	
10	39	624	0.897	
10	40	697	0.9487	
10	41	0	NA	
10	42	0	NA	
10	43	369	0.9479	
10	44	157	0.9651	
10	45	584	0.9511	
10	46	948	0.9169	
10	47	0	NA	
10	48	0	NA	
11	1	1004	0.9418	
11	2	975	0.9334	
11	3	580	0.8532	
11	4	588	0.9155	
11	5	778	0.9231	
11	6	624	0.8054	
11	7	305	0.988	
11	8	353	0.8814	
11	9	0	NA	
11	10	0	NA	
11	11	807	0.7463	
11	12	862	0.8052	
11	13	719	0.9082	
11	14	831	0.8096	
11	15	764	0.8208	
11	16	722	0.847	
11	17	799	0.8042	
11	18	833	0.8627	
11	19	689	0.7483	
11	20	675	0.9155	
11	21	491	0.888	
11	22	850	0.9345	
11	23	0	NA	
11	24	0	NA	
11	25	696	0.9474	
11	26	533	0.7841	
11	27	545	0.9476	
11	28	668	0.9139	
11	29	402	0.9604	
11	30	523	0.9221	
11	31	697	0.7958	
11	32	785	0.9314	
11	33	657	0.9053	
11	34	400	0.8852	
11	35	386	0.823	
11	36	633	0.9147	
11	37	779	0.8796	
11	38	0	NA	
11	39	563	0.9169	
11	40	766	0.9237	
11	41	657	0.9099	
11	42	719	0.9127	
11	43	921	0.9229	
11	44	490	0.9519	
11	45	859	0.8259	
11	46	941	0.8917	
11	47	958	0.9362	
11	48	1025	0.9253	
12	1	1108	0.8307	
12	2	985	0.9018	
12	3	828	0.9306	
12	4	661	0.9433	
12	5	674	0.9499	
12	6	753	0.8038	
12	7	0	NA	
12	8	379	0.9804	
12	9	0	NA	
12	10	0	NA	
12	11	690	0.8699	
12	12	521	0.8986	
12	13	791	0.6699	
12	14	796	0.7836	
12	15	792	0.7797	
12	16	811	0.6935	
12	17	861	0.7874	
12	18	487	0.8468	
12	19	661	0.8889	
12	20	520	0.8748	
12	21	893	0.8988	
12	22	673	0.9725	
12	23	0	NA	
12	24	0	NA	
12	25	506	0.955	
12	26	769	0.949	
12	27	762	0.8286	
12	28	552	0.9162	
12	29	464	0.9683	
12	30	325	0.8697	
12	31	789	0.9514	
12	32	669	0.9313	
12	33	586	0.9124	
12	34	946	0.9057	
12	35	673	0.905	
12	36	646	0.9219	
12	37	758	0.9622	
12	38	521	0.9314	
12	39	771	0.9514	
12	40	792	0.9353	
12	41	649	0.9497	
12	42	562	0.8983	
12	43	734	0.9102	
12	44	795	0.9179	
12	45	797	0.9565	
12	46	948	0.8593	
12	47	909	0.883	
12	48	1222	0.934	
13	1	1166	0.9077	
13	2	820	0.8466	
13	3	676	0.9202	
13	4	708	0.9031	
13	5	540	0.8565	
13	6	646	0.8687	
13	7	0	NA	
13	8	1	Inf	
13	9	779	0.8564	
13	10	903	0.6276	
13	11	706	0.8216	
13	12	636	0.9238	
13	13	529	0.938	
13	14	515	0.9006	
13	15	537	0.9034	
13	16	430	0.9169	
13	17	362	0.9457	
13	18	100	0.4238	C
13	19	705	0.948	
13	20	722	0.9478	
13	21	669	0.9429	
13	22	687	0.9682	
13	23	598	0.9611	
13	24	694	0.9494	
13	25	671	0.9526	
13	26	711	0.9132	
13	27	674	0.8955	
13	28	593	0.9232	
13	29	580	0.8866	
13	30	755	0.8857	
13	31	555	0.9465	
13	32	778	0.8883	
13	33	155	0.8959	
13	34	159	1.0532	
13	35	0	NA	
13	36	65	0.9897	
13	37	231	0.9851	
13	38	416	0.9651	
13	39	865	0.8668	
13	40	790	0.9374	
13	41	733	0.9415	
13	42	775	0.875	
13	43	0	NA	
13	44	0	NA	
13	45	644	0.8766	
13	46	545	0.9046	
13	47	25	0.9805	
13	48	682	0.9125	
14	1	920	0.9029	
14	2	803	0.8693	
14	3	738	0.8203	
14	4	695	0.9234	
14	5	392	0.9154	
14	6	445	0.8826	
14	7	0	NA	
14	8	8	0.3288	C
14	9	836	0.9149	
14	10	810	0.9248	
14	11	232	0.9283	
14	12	703	0.8477	
14	13	453	0.9175	
14	14	461	0.9477	
14	15	606	0.8757	
14	16	413	0.9645	
14	17	397	0.8924	
14	18	454	0.8569	
14	19	858	0.9433	
14	20	699	0.8668	
14	21	710	0.8329	
14	22	656	0.9085	
14	23	713	0.9473	
14	24	766	0.9237	
14	25	819	0.9394	
14	26	835	0.8621	
14	27	718	0.8758	
14	28	513	0.9682	
14	29	563	0.8847	
14	30	745	0.9457	
14	31	777	0.9115	
14	32	622	0.8125	
14	33	200	0.7771	
14	34	198	0.9936	
14	35	10	0.411	C
14	36	294	0.8714	
14	37	814	0.9191	
14	38	764	0.9169	
14	39	796	0.9445	
14	40	578	0.9413	
14	41	813	0.9239	
14	42	666	0.87	
14	43	0	NA	
14	44	0	NA	
14	45	806	0.8861	
14	46	685	0.8695	
14	47	761	0.9391	
14	48	1224	0.9441	
15	1	972	0.925	
15	2	773	0.9366	
15	3	667	0.8567	
15	4	742	0.9201	
15	5	737	0.8947	
15	6	817	0.8942	
15	7	795	0.8976	
15	8	727	0.9496	
15	9	0	NA	
15	10	0	NA	
15	11	836	0.9293	
15	12	761	0.9436	
15	13	0	NA	
15	14	0	NA	
15	15	0	NA	
15	16	0	NA	
15	17	807	0.9467	
15	18	846	0.8734	
15	19	261	0.9655	
15	20	248	0.9174	
15	21	613	0.8748	
15	22	584	0.886	
15	23	446	0.89	
15	24	600	0.9643	
15	25	69	0.8483	
15	26	52	0.9742	
15	27	749	0.9397	
15	28	748	0.8775	
15	29	650	0.9684	
15	30	449	0.9094	
15	31	699	0.9131	
15	32	653	0.9156	
15	33	575	0.9491	
15	34	749	0.8787	
15	35	755	0.921	
15	36	738	0.9107	
15	37	144	0.9433	
15	38	384	0.8498	
15	39	585	0.958	
15	40	737	0.9513	
15	41	632	0.8753	
15	42	674	0.9018	
15	43	620	0.9306	
15	44	894	0.8959	
15	45	716	0.9089	
15	46	921	0.9229	
15	47	558	0.9262	
15	48	53	0.841	
16	1	615	0.9163	
16	2	458	0.9333	
16	3	834	0.9029	
16	4	728	0.9509	
16	5	794	0.9421	
16	6	893	0.9318	
16	7	558	0.9262	
16	8	731	0.8815	
16	9	0	NA	
16	10	3	3.2341	
16	11	716	0.9133	
16	12	711	0.9561	
16	13	396	0.984	
16	14	918	0.9239	
16	15	0	NA	
16	16	0	NA	
16	17	852	0.9124	
16	18	837	0.8963	
16	19	432	0.8749	
16	20	349	0.8817	
16	21	701	0.9048	
16	22	782	0.8466	
16	23	543	0.9628	
16	24	762	0.956	
16	25	192	1.0203	
16	26	23	0.9271	
16	27	736	0.9126	
16	28	650	0.9344	
16	29	644	0.8766	
16	30	665	0.9441	
16	31	594	0.9494	
16	32	598	0.9611	
16	33	835	0.9385	
16	34	877	0.9494	
16	35	856	0.9126	
16	36	690	0.9556	
16	37	336	0.971	
16	38	9	0.4716	C
16	39	423	0.9361	
16	40	609	0.8583	
16	41	691	0.957	
16	42	680	0.8674	
16	43	787	0.9087	
16	44	688	0.8987	
16	45	808	0.9479	
16	46	709	0.9152	
16	47	90	0.9702	
16	48	530	0.9216	
17	1	1390	0.9299	
17	2	1137	0.9295	
17	3	0	NA	
17	4	0	NA	
17	5	165	0.8984	
17	6	290	0.866	
17	7	781	0.8917	
17	8	675	0.8399	
17	9	860	0.7283	
17	10	758	0.9246	
17	11	849	0.8994	
17	12	151	0.8728	
17	13	579	0.9183	
17	14	544	0.9646	
17	15	930	0.8651	
17	16	0	NA	
17	17	589	0.922	
17	18	603	0.9564	
17	19	596	0.9631	
17	20	590	0.9067	
17	21	777	0.9325	
17	22	578	0.934	
17	23	616	0.9109	
17	24	581	0.9462	
17	25	582	0.9231	
17	26	670	0.8752	
17	27	602	0.9322	
17	28	127	1.0076	
17	29	748	0.9655	
17	30	682	0.9397	
17	31	298	1.0107	
17	32	395	0.9816	
17	33	709	0.9534	
17	34	724	0.9736	
17	35	484	0.9323	
17	36	573	0.9088	
17	37	671	0.9575	
17	38	599	0.8548	
17	39	768	0.9523	
17	40	629	0.9089	
17	41	575	0.912	
17	42	473	0.9057	
17	43	783	0.904	
17	44	724	0.9457	
17	45	551	0.945	
17	46	922	0.9239	
17	47	665	0.8542	
17	48	1168	0.8846	
18	1	1265	0.9207	
18	2	904	0.9433	
18	3	0	NA	
18	4	3	3.2341	
18	5	402	0.9036	
18	6	528	0.9056	
18	7	591	0.8966	
18	8	669	0.9547	
18	9	723	0.8718	
18	10	664	0.9645	
18	11	0	NA	
18	12	437	0.9462	
18	13	596	0.9159	
18	14	497	0.9574	
18	15	0	NA	
18	16	20	0.3173	C
18	17	768	0.8909	
18	18	533	0.8454	
18	19	2	25.1327	
18	20	326	0.9324	
18	21	654	0.945	
18	22	796	0.919	
18	23	536	0.9638	
18	24	580	0.9321	
18	25	684	0.9591	
18	26	587	0.9434	
18	27	165	0.9207	
18	28	173	0.8681	
18	29	690	0.9167	
18	30	776	0.9001	
18	31	447	0.9446	
18	32	162	0.7517	
18	33	832	0.8682	
18	34	788	0.9098	
18	35	750	0.952	
18	36	704	0.9196	
18	37	831	0.8899	
18	38	168	0.8928	
18	39	872	0.9099	
18	40	409	0.9339	
18	41	504	0.8764	
18	42	295	0.8744	
18	43	751	0.958	
18	44	736	0.8733	
18	45	660	0.937	
18	46	790	0.902	
18	47	762	0.9145	
18	48	1145	0.8784	
19	1	805	0.9047	
19	2	896	0.9018	
19	3	0	NA	
19	4	303	0.9815	
19	5	840	0.9484	
19	6	704	0.9353	
19	7	701	0.9313	
19	8	767	0.8757	
19	9	663	0.9229	
19	10	627	0.8231	
19	11	628	0.9075	
19	12	560	0.9474	
19	13	617	0.9192	
19	14	739	0.9381	
19	15	725	0.9517	
19	16	691	0.9406	
19	17	761	0.903	
19	18	758	0.9509	
19	19	608	0.7942	
19	20	497	0.9714	
19	21	392	0.9365	
19	22	425	0.8481	
19	23	787	0.8985	
19	24	812	0.9026	
19	25	587	0.8973	
19	26	570	0.9161	
19	27	424	0.9745	
19	28	90	0.9248	
19	29	772	0.9417	
19	30	649	0.9497	
19	31	764	0.9169	
19	32	648	0.9247	
19	33	416	0.9007	
19	34	76	0.9106	
19	35	90	0.8018	
19	36	107	0.9837	
19	37	823	0.9458	
19	38	568	0.896	
19	39	772	0.8814	
19	40	707	0.9346	
19	41	669	0.9498	
19	42	674	0.9499	
19	43	713	0.9203	
19	44	694	0.9379	
19	45	741	0.8936	
19	46	927	0.8785	
19	47	995	0.9429	
19	48	973	0.9089	
20	1	975	0.9431	
20	2	666	0.9111	
20	3	9	0.5712	C
20	4	560	0.9604	
20	5	773	0.8728	
20	6	743	0.8917	
20	7	682	0.9283	
20	8	664	0.9038	
20	9	647	0.8744	
20	10	667	0.9518	
20	11	513	0.9545	
20	12	580	0.9627	
20	13	659	0.9523	
20	14	381	0.9251	
20	15	634	0.9326	
20	16	670	0.9394	
20	17	734	0.9474	
20	18	699	0.8071	
20	19	604	0.9404	
20	20	345	0.8716	
20	21	552	0.9287	
20	22	413	0.9645	
20	23	827	0.9442	
20	24	698	0.9501	
20	25	609	0.919	
20	26	843	0.8863	
20	27	219	1.0161	
20	28	282	0.9943	
20	29	500	0.9631	
20	30	582	0.966	
20	31	750	0.9409	
20	32	711	0.9287	
20	33	34	0.8909	
20	34	2	25.1327	
20	35	33	0.8842	
20	36	283	0.9167	
20	37	415	0.9125	
20	38	499	0.9612	
20	39	661	0.8889	
20	40	688	0.9141	
20	41	767	0.9356	
20	42	650	0.8636	
20	43	709	0.9651	
20	44	669	0.9106	
20	45	863	0.9143	
20	46	584	0.8701	
20	47	779	0.5634	C
20	48	1079	0.8821	
21	1	981	0.8893	
21	2	692	0.9703	
21	3	717	0.9366	
21	4	744	0.9444	
21	5	800	0.928	
21	6	744	0.9226	
21	7	0	NA	
21	8	0	NA	
21	9	641	0.8988	
21	10	639	0.8805	
21	11	758	0.9399	
21	12	702	0.944	
21	13	709	0.9152	
21	14	767	0.9144	
21	15	240	0.9807	
21	16	257	0.9062	
21	17	700	0.9144	
21	18	806	0.9349	
21	19	0	NA	
21	20	177	0.9406	
21	21	752	0.8682	
21	22	746	0.9359	
21	23	664	0.9196	
21	24	647	0.969	
21	25	701	0.8837	
21	26	741	0.8722	
21	27	548	0.9346	
21	28	732	0.9448	
21	29	828	0.8211	
21	30	745	0.9131	
21	31	0	NA	
21	32	3	3.2341	
21	33	699	0.9022	
21	34	839	0.9083	
21	35	750	0.8429	
21	36	759	0.9109	
21	37	675	0.8817	
21	38	819	0.95	
21	39	780	0.9299	
21	40	746	0.9359	
21	41	0	NA	
21	42	0	NA	
21	43	490	0.8936	
21	44	771	0.9148	
21	45	10	0.9248	
21	46	211	0.9486	
21	47	917	0.5924	C
21	48	1051	0.8876	
22	1	788	0.935	
22	2	648	0.9247	
22	3	830	0.9226	
22	4	557	0.9371	
22	5	673	0.8687	
22	6	665	0.921	
22	7	0	NA	
22	8	0	NA	
22	9	653	0.9485	
22	10	631	0.9401	
22	11	659	0.9016	
22	12	737	0.8887	
22	13	810	0.9291	
22	14	398	0.9664	
22	15	310	0.9601	
22	16	281	0.8769	
22	17	766	0.8844	
22	18	743	0.9213	
22	19	26	0.9315	
22	20	17	0.3665	C
22	21	713	0.9473	
22	22	694	0.9065	
22	23	793	0.9054	
22	24	585	0.9527	
22	25	628	0.9651	
22	26	774	0.9184	
22	27	648	0.9482	
22	28	756	0.9643	
22	29	709	0.9534	
22	30	870	0.9118	
22	31	6	0.5549	C
22	32	274	0.8644	
22	33	716	0.9242	
22	34	495	0.9734	
22	35	404	0.9651	
22	36	306	1.0101	
22	37	739	0.912	
22	38	769	0.9124	
22	39	489	0.9616	
22	40	352	0.9487	
22	41	0	NA	
22	42	0	NA	
22	43	802	0.8817	
22	44	613	0.9722	
22	45	0	NA	
22	46	358	0.9648	
22	47	1008	0.5474	C
22	48	1119	0.9148	
23	1	1085	0.9471	
23	2	979	0.9027	
23	3	0	NA	
23	4	0	NA	
23	5	763	0.9307	
23	6	616	0.9345	
23	7	718	0.9539	
23	8	702	0.8807	
23	9	714	0.9326	
23	10	657	0.926	
23	11	16	0.8852	
23	12	185	1.0073	
23	13	264	0.9385	
23	14	332	0.9666	
23	15	716	0.8806	
23	16	789	0.9514	
23	17	34	0.748	
23	18	56	0.9851	
23	19	782	0.943	
23	20	674	0.9499	
23	21	649	0.91	
23	22	593	0.953	
23	23	473	0.88	
23	24	593	0.953	
23	25	315	0.9337	
23	26	586	0.9544	
23	27	709	0.9	
23	28	606	0.9435	
23	29	537	0.9656	
23	30	600	0.8826	
23	31	303	0.8757	
23	32	286	0.9889	
23	33	891	0.9439	
23	34	564	0.9488	
23	35	805	0.9597	
23	36	753	0.9605	
23	37	576	0.9745	
23	38	141	0.9751	
23	39	802	0.8817	
23	40	710	0.932	
23	41	790	0.9526	
23	42	676	0.9479	
23	43	421	0.9174	
23	44	764	0.9213	
23	45	577	0.8443	
23	46	0	NA	
23	47	557	0.856	
23	48	1277	0.9463	
24	1	1052	0.8167	
24	2	918	0.8789	
24	3	0	NA	
24	4	0	NA	
24	5	704	0.8559	
24	6	648	0.9482	
24	7	683	0.9626	
24	8	634	0.9446	
24	9	624	0.8905	
24	10	725	0.9095	
24	11	35	0.6958	
24	12	28	0.7872	
24	13	193	0.9916	
24	14	210	0.8581	
24	15	737	0.9513	
24	16	694	0.8914	
24	17	1	Inf	
24	18	31	0.8575	
24	19	870	0.9418	
24	20	772	0.9354	
24	21	614	0.9099	
24	22	775	0.9499	
24	23	602	0.8969	
24	24	824	0.7143	
24	25	708	0.9521	
24	26	920	0.9029	
24	27	565	0.908	
24	28	939	0.9451	
24	29	443	0.9303	
24	30	912	0.9416	
24	31	172	0.7981	
24	32	362	0.9146	
24	33	593	0.953	
24	34	388	0.8918	
24	35	889	0.8854	
24	36	649	0.9547	
24	37	24	0.7805	
24	38	43	0.8433	
24	39	763	0.9307	
24	40	761	0.9177	
24	41	434	0.836	
24	42	750	0.9409	
24	43	684	0.931	
24	44	735	0.9114	
24	45	639	0.94	
24	46	702	0.8506	
24	47	954	0.8823	
24	48	1045	0.8875	
25	1	868	0.9439	
25	2	668	0.8769	
25	3	742	0.7208	
25	4	758	0.5084	C
25	5	631	0.9522	
25	6	430	0.9729	
25	7	582	0.8992	
25	8	658	0.8295	
25	9	630	0.9682	
25	10	672	0.9037	
25	11	715	0.9139	
25	12	797	0.935	
25	13	742	0.9201	
25	14	735	0.8936	
25	15	622	0.8293	
25	16	702	0.944	
25	17	688	0.9141	
25	18	786	0.9634	
25	19	446	0.9169	
25	20	524	0.9111	
25	21	685	0.8494	
25	22	635	0.9224	
25	23	69	0.786	
25	24	202	0.9373	
25	25	319	0.9124	
25	26	275	0.9697	
25	27	0	NA	
25	28	11	0.5468	C
25	29	746	0.8953	
25	30	866	0.8148	
25	31	570	0.9211	
25	32	191	0.9364	
25	33	29	0.8022	
25	34	83	1.0474	
25	35	5	0.7355	
25	36	171	0.931	
25	37	690	0.9013	
25	38	657	0.9375	
25	39	373	0.8384	
25	40	386	0.9592	
25	41	785	0.8863	
25	42	618	0.9674	
25	43	236	0.9362	
25	44	655	0.9347	
25	45	655	0.9465	
25	46	790	0.9268	
25	47	542	0.8596	
25	48	673	0.9604	
26	1	961	0.8084	
26	2	681	0.9317	
26	3	852	0.9223	
26	4	808	0.9329	
26	5	220	0.8803	
26	6	433	0.8056	
26	7	781	0.9162	
26	8	649	0.5371	C
26	9	654	0.945	
26	10	713	0.9588	
26	11	772	0.6512	
26	12	853	0.5557	C
26	13	692	0.9372	
26	14	697	0.9653	
26	15	462	0.8474	
26	16	483	0.886	
26	17	629	0.9089	
26	18	694	0.911	
26	19	31	1.0711	
26	20	212	1.0062	
26	21	655	0.8777	
26	22	668	0.9366	
26	23	302	0.8792	
26	24	130	0.8203	
26	25	378	0.9178	
26	26	142	0.9302	
26	27	1	Inf	
26	28	2	25.1327	
26	29	754	0.935	
26	30	705	0.948	
26	31	26	0.7359	
26	32	540	0.7388	
26	33	6	1.2861	
26	34	29	0.6165	
26	35	32	1.1768	
26	36	0	NA	
26	37	981	0.8893	
26	38	649	0.9147	
26	39	314	0.9799	
26	40	361	0.966	
26	41	809	0.9237	
26	42	618	0.893	
26	43	644	0.919	
26	44	345	0.8716	
26	45	732	0.9562	
26	46	848	0.9575	
26	47	479	0.9559	
26	48	1120	0.9459	
27	1	737	0.6905	
27	2	591	0.7012	
27	3	592	0.9641	
27	4	652	0.9591	
27	5	744	0.949	
27	6	653	0.8289	
27	7	868	0.495	C
27	8	710	0.3584	C
27	9	484	0.5082	C
27	10	716	0.4637	C
27	11	823	0.5685	C
27	12	736	0.8875	
27	13	345	0.9556	
27	14	408	0.9528	
27	15	701	0.9427	
27	16	797	0.5672	C
27	17	488	0.9679	
27	18	560	0.5671	C
27	19	490	0.9439	
27	20	487	0.9191	
27	21	0	NA	
27	22	0	NA	
27	23	714	0.9216	
27	24	542	0.855	
27	25	592	0.9098	
27	26	760	0.9165	
27	27	499	0.9229	
27	28	45	0.99	
27	29	737	0.917	
27	30	725	0.8743	
27	31	844	0.8807	
27	32	787	0.9338	
27	33	0	NA	
27	34	0	NA	
27	35	869	0.9408	
27	36	821	0.9026	
27	37	812	0.883	
27	38	725	0.8886	
27	39	2	25.1327	
27	40	0	NA	
27	41	879	0.8502	
27	42	623	0.9523	
27	43	587	0.8811	
27	44	640	0.9535	
27	45	642	0.9161	
27	46	402	0.6962	
27	47	706	0.9268	
27	48	587	0.8635	
28	1	710	0.8464	
28	2	479	0.95	
28	3	845	0.8258	
28	4	524	0.4211	C
28	5	573	0.8726	
28	6	514	0.8338	
28	7	758	0.9509	
28	8	770	0.8932	
28	9	786	0.4079	C
28	10	675	0.9077	
28	11	681	0.9598	
28	12	741	0.8792	
28	13	354	0.9877	
28	14	127	0.9029	
28	15	786	0.5953	C
28	16	657	0.9494	
28	17	534	0.9107	
28	18	612	0.9528	
28	19	437	0.9177	
28	20	426	0.9283	
28	21	0	NA	
28	22	0	NA	
28	23	404	0.8998	
28	24	697	0.9535	
28	25	629	0.9089	
28	26	883	0.9414	
28	27	410	0.9795	
28	28	759	0.9006	
28	29	662	0.9282	
28	30	604	0.958	
28	31	741	0.9113	
28	32	770	0.8654	
28	33	4	1.4797	
28	34	0	NA	
28	35	801	0.9549	
28	36	687	0.9515	
28	37	709	0.942	
28	38	836	0.9091	
28	39	0	NA	
28	40	0	NA	
28	41	790	0.7455	
28	42	640	0.8974	
28	43	821	0.9126	
28	44	703	0.9453	
28	45	779	0.9502	
28	46	822	0.867	
28	47	553	0.9179	
28	48	876	0.9044	
29	1	1292	0.8771	
29	2	973	0.9128	
29	3	740	0.9027	
29	4	959	0.5644	C
29	5	657	0.3975	C
29	6	757	0.528	C
29	7	260	0.8583	
29	8	376	0.9592	
29	9	593	0.9842	
29	10	8	0.7398	
29	11	360	0.9566	
29	12	734	0.9208	
29	13	92	1.012	
29	14	45	1.1791	
29	15	815	0.5414	C
29	16	758	0.4299	C
29	17	529	0.7577	
29	18	712	0.5023	C
29	19	750	0.4563	C
29	20	751	0.4994	C
29	21	781	0.6865	
29	22	791	0.6141	
29	23	844	0.7108	
29	24	896	0.612	
29	25	808	0.7123	
29	26	794	0.9024	
29	27	139	0.9882	
29	28	156	0.561	C
29	29	0	NA	
29	30	0	NA	
29	31	588	0.865	
29	32	643	0.9128	
29	33	782	0.9385	
29	34	887	0.9022	
29	35	619	0.8324	
29	36	718	0.8903	
29	37	573	0.9458	
29	38	800	0.9385	
29	39	207	1.0149	
29	40	521	0.9368	
29	41	267	0.9056	
29	42	482	0.6221	
29	43	12	1.0349	
29	44	38	0.7809	
29	45	899	0.9381	
29	46	618	0.8559	
29	47	1113	0.8745	
29	48	855	0.8773	
30	1	1220	0.7398	
30	2	901	0.899	
30	3	879	0.9312	
30	4	545	0.8224	
30	5	795	0.5723	C
30	6	814	0.7167	
30	7	266	0.9198	
30	8	282	0.9751	
30	9	6	0.4707	C
30	10	10	0.6504	
30	11	931	0.5012	C
30	12	680	0.5144	C
30	13	82	0.6562	
30	14	121	1.0191	
30	15	759	0.5654	C
30	16	829	0.558	C
30	17	669	0.3801	C
30	18	750	0.9044	
30	19	620	0.8513	
30	20	798	0.6805	
30	21	861	0.485	C
30	22	896	0.7325	
30	23	879	0.581	C
30	24	514	0.8647	
30	25	921	0.5079	C
30	26	905	0.5457	C
30	27	113	0.8965	
30	28	56	0.9433	
30	29	0	NA	
30	30	0	NA	
30	31	766	0.8649	
30	32	585	0.9157	
30	33	658	0.8324	
30	34	649	0.708	
30	35	787	0.8249	
30	36	725	0.8886	
30	37	708	0.9406	
30	38	711	0.892	
30	39	846	0.8867	
30	40	656	0.9479	
30	41	462	0.8922	
30	42	559	0.8984	
30	43	59	0.9764	
30	44	30	0.8984	
30	45	674	0.9402	
30	46	1070	0.7992	
30	47	587	0.9139	
30	48	865	0.8615	
31	1	1078	0.9281	
31	2	897	0.7345	
31	3	0	NA	
31	4	7	0.9433	
31	5	1007	0.9182	
31	6	983	0.7732	
31	7	808	0.901	
31	8	792	0.9084	
31	9	0	NA	
31	10	0	NA	
31	11	1136	0.705	
31	12	877	0.66	
31	13	837	0.5383	C
31	14	980	0.2698	C
31	15	867	0.6287	
31	16	961	0.5162	C
31	17	826	0.6153	
31	18	388	0.313	C
31	19	876	0.6257	
31	20	915	0.3797	C
31	21	760	0.8816	
31	22	881	0.5379	C
31	23	665	0.5124	C
31	24	53	1.0892	
31	25	996	0.9119	
31	26	1003	0.6971	
31	27	794	0.9137	
31	28	631	0.7916	
31	29	915	0.8583	
31	30	959	0.9412	
31	31	367	0.912	
31	32	305	0.9518	
31	33	952	0.8804	
31	34	916	0.9084	
31	35	614	0.9196	
31	36	601	0.8841	
31	37	807	0.8549	
31	38	752	0.9434	
31	39	552	0.899	
31	40	650	0.754	
31	41	727	0.9121	
31	42	755	0.9104	
31	43	1012	0.9454	
31	44	949	0.9085	
31	45	595	0.9027	
31	46	849	0.882	
31	47	1075	0.8921	
31	48	1024	0.8732	
32	1	1396	0.9306	
32	2	1199	0.7738	
32	3	78	0.0888	C
32	4	266	0.2079	C
32	5	1227	0.5849	"S,C"
32	6	1204	0.529	"S,C"
32	7	1419	0.6119	S
32	8	1252	0.6886	S
32	9	183	0.2011	"S,C"
32	10	130	0.0548	"S,C"
32	11	1992	0.399	"S,C"
32	12	1640	0.3381	"S,C"
32	13	1766	0.4527	"S,C"
32	14	1875	0.4024	"S,C"
32	15	1031	0.8985	S
32	16	1092	0.8962	S
32	17	859	0.906	
32	18	1134	0.7388	
32	19	1007	0.8423	
32	20	1261	0.9309	
32	21	864	0.8307	
32	22	917	0.8653	
32	23	629	0.9492	
32	24	440	0.9737	
32	25	943	0.9121	
32	26	957	0.9392	
32	27	876	0.9381	
32	28	920	0.9398	
32	29	1025	0.874	
32	30	1149	0.9062	
32	31	382	0.8921	
32	32	353	0.7446	
32	33	1272	0.895	
32	34	962	0.9024	
32	35	1073	0.9186	
32	36	838	0.775	
32	37	1139	0.9311	
32	38	1146	0.7896	
32	39	844	0.3791	"S,C"
32	40	1131	0.2247	"S,C"
32	41	1017	0.9091	
32	42	1096	0.7948	
32	43	433	0.6569	
32	44	1298	0.8943	
32	45	1218	0.7955	
32	46	964	0.9135	
32	47	858	0.87	
32	48	1464	0.8744	
