# gitter v1.0.3 data file generated on Wed Feb 25 11:12:16 2015
# Warning possible misgridding: high count of small colony sizes, high count of low colony circularity
# Flags: S - Colony spill or edge interference, C - Low colony circularity
# row	col	size	circularity	flags
1	1	1203	0.9145	
1	2	1035	0.9035	
1	3	998	0.8627	
1	4	1082	0.8164	
1	5	775	0.9345	
1	6	751	0.9161	
1	7	1032	0.9449	
1	8	951	0.9571	
1	9	838	0.7975	
1	10	953	0.8978	
1	11	1055	0.93	
1	12	989	0.8718	
1	13	854	0.9145	
1	14	963	0.9181	
1	15	1092	0.9311	
1	16	1122	0.8918	
1	17	752	0.928	
1	18	900	0.9058	
1	19	1167	0.9036	
1	20	1107	0.8895	
1	21	1015	0.8058	
1	22	1022	0.8835	
1	23	1118	0.9442	
1	24	1271	0.9217	
1	25	0	NA	
1	26	0	NA	
1	27	1124	0.8404	
1	28	1199	0.9129	
1	29	1005	0.911	
1	30	749	0.9554	
1	31	0	NA	
1	32	0	NA	
1	33	1128	0.8734	
1	34	1218	0.8777	
1	35	685	0.9439	
1	36	380	0.9762	
1	37	27	1.1319	
1	38	37	0.9001	
1	39	1107	0.9223	
1	40	1237	0.9369	
1	41	0	NA	
1	42	0	NA	
1	43	1298	0.8911	
1	44	1167	0.9414	
1	45	1137	0.9086	
1	46	927	0.9289	
1	47	791	0.8713	
1	48	1346	0.9128	
2	1	1119	0.936	
2	2	960	0.9097	
2	3	818	0.9489	
2	4	809	0.9092	
2	5	655	0.9299	
2	6	589	0.9646	
2	7	823	0.919	
2	8	843	0.7359	
2	9	768	0.8768	
2	10	949	0.8448	
2	11	899	0.9184	
2	12	899	0.8877	
2	13	883	0.9355	
2	14	684	0.9087	
2	15	894	0.8684	
2	16	843	0.9126	
2	17	644	0.919	
2	18	534	0.9602	
2	19	961	0.9015	
2	20	837	0.9407	
2	21	847	0.8973	
2	22	891	0.8874	
2	23	940	0.9053	
2	24	1010	0.9209	
2	25	0	NA	
2	26	0	NA	
2	27	1061	0.8736	
2	28	1110	0.8871	
2	29	691	0.9406	
2	30	929	0.9408	
2	31	0	NA	
2	32	0	NA	
2	33	1061	0.8756	
2	34	974	0.9137	
2	35	337	0.9402	
2	36	280	0.9873	
2	37	18	0.792	
2	38	27	0.8222	
2	39	1031	0.9307	
2	40	945	0.9371	
2	41	0	NA	
2	42	0	NA	
2	43	885	0.9334	
2	44	1087	0.9232	
2	45	666	0.9291	
2	46	360	0.8407	
2	47	853	0.9336	
2	48	1330	0.8974	
3	1	1282	0.8725	
3	2	978	0.9268	
3	3	641	0.8814	
3	4	737	0.8887	
3	5	619	0.8898	
3	6	781	0.9059	
3	7	728	0.8247	
3	8	678	0.9229	
3	9	849	0.8456	
3	10	848	0.8744	
3	11	776	0.8693	
3	12	692	0.8754	
3	13	751	0.8953	
3	14	677	0.8738	
3	15	768	0.901	
3	16	741	0.91	
3	17	867	0.8336	
3	18	826	0.8942	
3	19	504	0.9191	
3	20	508	0.8273	
3	21	42	0.8631	
3	22	272	0.9863	
3	23	918	0.8405	
3	24	943	0.9255	
3	25	897	0.832	
3	26	1038	0.9024	
3	27	799	0.898	
3	28	902	0.9312	
3	29	556	0.9055	
3	30	465	0.8651	
3	31	982	0.8656	
3	32	1039	0.7941	
3	33	0	NA	
3	34	0	NA	
3	35	1051	0.864	
3	36	923	0.8784	
3	37	1065	0.9388	
3	38	1012	0.9009	
3	39	736	0.8498	
3	40	637	0.9043	
3	41	964	0.9135	
3	42	700	0.9144	
3	43	671	0.9023	
3	44	575	0.8789	
3	45	376	0.9129	
3	46	546	0.9134	
3	47	1294	0.9105	
3	48	0	NA	
4	1	1093	0.9448	
4	2	815	0.941	
4	3	861	0.8666	
4	4	932	0.9243	
4	5	756	0.9329	
4	6	784	0.9137	
4	7	823	0.8853	
4	8	509	0.7998	
4	9	794	0.8412	
4	10	751	0.958	
4	11	701	0.9048	
4	12	639	0.9234	
4	13	720	0.8783	
4	14	756	0.8312	
4	15	659	0.924	
4	16	657	0.834	
4	17	653	0.8781	
4	18	742	0.9419	
4	19	441	0.9066	
4	20	416	0.9065	
4	21	328	0.9085	
4	22	330	0.9855	
4	23	867	0.8216	
4	24	889	0.7993	
4	25	693	0.9161	
4	26	854	0.9245	
4	27	724	0.796	
4	28	782	0.8749	
4	29	387	0.8895	
4	30	381	0.8643	
4	31	908	0.8693	
4	32	873	0.9349	
4	33	0	NA	
4	34	0	NA	
4	35	938	0.9262	
4	36	780	0.867	
4	37	898	0.9173	
4	38	738	0.8493	
4	39	858	0.9049	
4	40	602	0.9252	
4	41	839	0.8945	
4	42	586	0.8468	
4	43	629	0.8865	
4	44	804	0.954	
4	45	813	0.8357	
4	46	821	0.8985	
4	47	483	0.9116	
4	48	457	0.9199	
5	1	0	NA	
5	2	0	NA	
5	3	805	0.8621	
5	4	842	0.8386	
5	5	0	NA	
5	6	92	0.9145	
5	7	0	NA	
5	8	0	NA	
5	9	545	0.9221	
5	10	428	0.9184	
5	11	776	0.8802	
5	12	712	0.919	
5	13	469	0.8603	
5	14	488	0.9079	
5	15	774	0.7652	
5	16	788	0.7921	
5	17	643	0.6042	
5	18	628	0.9356	
5	19	434	0.8736	
5	20	580	0.9199	
5	21	622	0.9102	
5	22	630	0.9337	
5	23	494	0.8311	
5	24	505	0.908	
5	25	654	0.8902	
5	26	626	0.9046	
5	27	671	0.8915	
5	28	711	0.9025	
5	29	747	0.8763	
5	30	731	0.8715	
5	31	743	0.8297	
5	32	797	0.8628	
5	33	534	0.8314	
5	34	460	0.9808	
5	35	684	0.9042	
5	36	736	0.8875	
5	37	287	0.9474	
5	38	356	0.8786	
5	39	773	0.9172	
5	40	809	0.8625	
5	41	911	0.8849	
5	42	794	0.9421	
5	43	0	NA	
5	44	0	NA	
5	45	630	0.9337	
5	46	972	0.8775	
5	47	928	0.8669	
5	48	1255	0.9216	
6	1	0	NA	
6	2	0	NA	
6	3	854	0.8724	
6	4	744	0.9379	
6	5	49	0.901	
6	6	92	0.9453	
6	7	0	NA	
6	8	0	NA	
6	9	595	0.9264	
6	10	260	0.8818	
6	11	667	0.8713	
6	12	654	0.9104	
6	13	517	0.8355	
6	14	729	0.9299	
6	15	750	0.8941	
6	16	746	0.9516	
6	17	613	0.8459	
6	18	652	0.8112	
6	19	321	0.8445	
6	20	456	0.8913	
6	21	639	0.9166	
6	22	683	0.9029	
6	23	532	0.855	
6	24	587	0.9259	
6	25	720	0.8612	
6	26	703	0.9183	
6	27	676	0.909	
6	28	644	0.919	
6	29	788	0.8997	
6	30	840	0.8672	
6	31	702	0.8563	
6	32	722	0.9058	
6	33	496	0.8744	
6	34	727	0.9384	
6	35	684	0.9358	
6	36	486	0.9042	
6	37	388	0.9576	
6	38	411	0.8956	
6	39	831	0.8765	
6	40	796	0.8524	
6	41	710	0.9274	
6	42	814	0.8909	
6	43	0	NA	
6	44	0	NA	
6	45	763	0.9526	
6	46	598	0.9433	
6	47	1049	0.9338	
6	48	1027	0.8807	
7	1	1207	0.9225	
7	2	1080	0.9427	
7	3	492	0.8972	
7	4	704	0.8489	
7	5	813	0.9078	
7	6	740	0.9027	
7	7	803	0.8732	
7	8	780	0.8353	
7	9	0	NA	
7	10	0	NA	
7	11	774	0.8576	
7	12	695	0.8618	
7	13	634	0.7609	
7	14	719	0.9235	
7	15	0	NA	
7	16	0	NA	
7	17	768	0.8768	
7	18	839	0.7791	
7	19	786	0.8547	
7	20	742	0.9264	
7	21	838	0.9255	
7	22	700	0.9035	
7	23	746	0.9469	
7	24	672	0.8928	
7	25	743	0.959	
7	26	799	0.9525	
7	27	241	0.7704	
7	28	129	0.6582	
7	29	773	0.8498	
7	30	491	0.888	
7	31	737	0.9139	
7	32	665	0.8686	
7	33	734	0.9317	
7	34	752	0.9434	
7	35	771	0.9045	
7	36	635	0.8794	
7	37	624	0.8749	
7	38	745	0.9194	
7	39	646	0.8644	
7	40	696	0.9201	
7	41	787	0.8748	
7	42	825	0.907	
7	43	427	0.8778	
7	44	0	NA	
7	45	922	0.8956	
7	46	821	0.9126	
7	47	906	0.9079	
7	48	1151	0.9285	
8	1	1091	0.9126	
8	2	1059	0.8858	
8	3	790	0.9225	
8	4	773	0.9068	
8	5	624	0.8794	
8	6	634	0.9047	
8	7	678	0.939	
8	8	736	0.8875	
8	9	0	NA	
8	10	0	NA	
8	11	678	0.8547	
8	12	749	0.8619	
8	13	787	0.8558	
8	14	634	0.9446	
8	15	2	25.1327	
8	16	0	NA	
8	17	793	0.8126	
8	18	768	0.8728	
8	19	730	0.9423	
8	20	784	0.8951	
8	21	760	0.8448	
8	22	828	0.2363	C
8	23	715	0.934	
8	24	619	0.9513	
8	25	775	0.9454	
8	26	782	0.8134	
8	27	304	0.8482	
8	28	314	0.9651	
8	29	504	0.8714	
8	30	311	0.9457	
8	31	764	0.932	
8	32	715	0.9615	
8	33	763	0.826	
8	34	648	0.9199	
8	35	797	0.9457	
8	36	487	0.9061	
8	37	634	0.9161	
8	38	462	0.9498	
8	39	773	0.9172	
8	40	747	0.9326	
8	41	795	0.8935	
8	42	833	0.9018	
8	43	166	0.9358	
8	44	100	0.928	
8	45	826	0.9181	
8	46	882	0.9203	
8	47	778	0.9127	
8	48	1104	0.8108	
9	1	1170	0.8861	
9	2	888	0.8715	
9	3	628	0.9477	
9	4	759	0.9153	
9	5	791	0.928	
9	6	662	0.8444	
9	7	617	0.9482	
9	8	643	0.9062	
9	9	731	0.9108	
9	10	719	0.9281	
9	11	506	0.8849	
9	12	560	0.8882	
9	13	686	0.9385	
9	14	694	0.6811	
9	15	452	0.9492	
9	16	535	0.8329	
9	17	701	0.9202	
9	18	729	0.9364	
9	19	0	NA	
9	20	11	0.7411	
9	21	0	NA	
9	22	18	0.3648	C
9	23	575	0.8522	
9	24	521	0.8885	
9	25	733	0.8738	
9	26	737	0.9139	
9	27	0	NA	
9	28	0	NA	
9	29	793	0.8624	
9	30	767	0.9511	
9	31	650	0.9684	
9	32	226	0.9433	
9	33	754	0.9198	
9	34	707	0.9081	
9	35	611	0.939	
9	36	633	0.841	
9	37	818	0.9093	
9	38	731	0.8576	
9	39	626	0.8933	
9	40	600	0.8443	
9	41	689	0.8893	
9	42	676	0.9202	
9	43	789	0.9514	
9	44	612	0.907	
9	45	345	0.9868	
9	46	595	0.951	
9	47	742	0.8905	
9	48	973	0.8872	
10	1	1005	0.9202	
10	2	974	0.8671	
10	3	969	0.9052	
10	4	843	0.8891	
10	5	669	0.9547	
10	6	681	0.9003	
10	7	589	0.9518	
10	8	619	0.8801	
10	9	735	0.8905	
10	10	852	0.9367	
10	11	475	0.9479	
10	12	449	0.8525	
10	13	636	0.919	
10	14	701	0.8158	
10	15	539	0.8744	
10	16	560	0.8834	
10	17	716	0.9513	
10	18	580	0.8866	
10	19	0	NA	
10	20	0	NA	
10	21	0	NA	
10	22	0	NA	
10	23	583	0.8912	
10	24	490	0.8404	
10	25	726	0.9002	
10	26	757	0.9234	
10	27	0	NA	
10	28	0	NA	
10	29	733	0.8668	
10	30	534	0.9285	
10	31	463	0.9663	
10	32	10	0.9248	
10	33	717	0.9642	
10	34	720	0.8989	
10	35	664	0.8822	
10	36	592	0.9695	
10	37	749	0.8989	
10	38	728	0.9133	
10	39	592	0.9771	
10	40	336	0.9147	
10	41	677	0.9444	
10	42	617	0.8297	
10	43	505	0.9475	
10	44	546	0.8346	
10	45	473	0.8505	
10	46	482	0.8841	
10	47	862	0.9434	
10	48	626	0.9569	
11	1	1177	0.9406	
11	2	716	0.8734	
11	3	0	NA	
11	4	0	NA	
11	5	4	1.078	
11	6	216	0.8826	
11	7	693	0.6548	
11	8	643	0.9409	
11	9	0	NA	
11	10	37	0.8554	
11	11	676	0.9362	
11	12	740	0.9176	
11	13	534	0.8516	
11	14	640	0.8606	
11	15	681	0.8461	
11	16	705	0.86	
11	17	634	0.8674	
11	18	764	0.8643	
11	19	707	0.8974	
11	20	751	0.8257	
11	21	858	0.7387	
11	22	736	0.8337	
11	23	769	0.8739	
11	24	763	0.8851	
11	25	664	0.9392	
11	26	578	0.9466	
11	27	759	0.8666	
11	28	767	0.6828	
11	29	756	0.9439	
11	30	712	0.9255	
11	31	746	0.8996	
11	32	767	0.9511	
11	33	413	0.9283	
11	34	331	0.9811	
11	35	783	0.904	
11	36	850	0.9303	
11	37	0	NA	
11	38	0	NA	
11	39	870	0.9418	
11	40	827	0.9399	
11	41	798	0.9214	
11	42	857	0.8716	
11	43	580	0.903	
11	44	586	0.9418	
11	45	711	0.9132	
11	46	721	0.8795	
11	47	918	0.8879	
11	48	1133	0.9226	
12	1	586	0.9418	
12	2	784	0.9241	
12	3	0	NA	
12	4	0	NA	
12	5	214	0.9497	
12	6	243	0.9442	
12	7	615	0.8414	
12	8	628	0.9122	
12	9	409	0.9615	
12	10	290	0.9649	
12	11	798	0.8773	
12	12	607	0.7743	
12	13	626	0.8823	
12	14	501	0.9651	
12	15	692	0.8277	
12	16	693	0.8223	
12	17	727	0.9338	
12	18	725	0.9203	
12	19	772	0.9014	
12	20	742	0.8378	
12	21	774	0.9333	
12	22	808	0.8981	
12	23	781	0.8917	
12	24	795	0.8645	
12	25	679	0.9085	
12	26	645	0.8933	
12	27	775	0.9092	
12	28	763	0.9245	
12	29	702	0.9393	
12	30	721	0.8795	
12	31	752	0.9389	
12	32	729	0.8103	
12	33	408	0.9682	
12	34	400	0.9492	
12	35	823	0.9107	
12	36	787	0.949	
12	37	0	NA	
12	38	0	NA	
12	39	745	0.874	
12	40	781	0.9373	
12	41	793	0.8327	
12	42	814	0.9505	
12	43	605	0.8966	
12	44	489	0.9045	
12	45	769	0.9124	
12	46	528	0.8883	
12	47	897	0.8895	
12	48	926	0.9418	
13	1	1058	0.9273	
13	2	954	0.8823	
13	3	638	0.8476	
13	4	907	0.8902	
13	5	717	0.8186	
13	6	809	0.9341	
13	7	607	0.8437	
13	8	560	0.8343	
13	9	630	0.8757	
13	10	579	0.9015	
13	11	647	0.9349	
13	12	584	0.9564	
13	13	747	0.9482	
13	14	762	0.8604	
13	15	638	0.8684	
13	16	684	0.864	
13	17	661	0.9043	
13	18	623	0.9401	
13	19	255	0.8649	
13	20	359	0.604	
13	21	677	0.9104	
13	22	541	0.9153	
13	23	600	0.9696	
13	24	525	0.8484	
13	25	196	0.8542	
13	26	201	0.8572	
13	27	108	1.039	
13	28	237	0.9209	
13	29	679	0.9242	
13	30	627	0.9636	
13	31	561	0.9385	
13	32	600	0.9464	
13	33	641	0.9262	
13	34	611	0.9462	
13	35	678	0.9342	
13	36	690	0.946	
13	37	0	NA	
13	38	0	NA	
13	39	834	0.9029	
13	40	776	0.9313	
13	41	575	0.8677	
13	42	600	0.9341	
13	43	516	0.9225	
13	44	621	0.8816	
13	45	409	0.9771	
13	46	916	0.9084	
13	47	761	0.8987	
13	48	951	0.9105	
14	1	982	0.9441	
14	2	946	0.8749	
14	3	863	0.9242	
14	4	850	0.9388	
14	5	878	0.9065	
14	6	721	0.8555	
14	7	546	0.9311	
14	8	722	0.9165	
14	9	304	0.8078	
14	10	421	0.974	
14	11	689	0.8789	
14	12	674	0.9221	
14	13	705	0.8949	
14	14	786	0.9326	
14	15	719	0.9438	
14	16	711	0.9069	
14	17	691	0.7915	
14	18	777	0.8385	
14	19	375	0.8603	
14	20	368	0.9145	
14	21	646	0.9748	
14	22	644	0.881	
14	23	642	0.9395	
14	24	662	0.9168	
14	25	157	0.7285	
14	26	348	0.8589	
14	27	369	0.9874	
14	28	80	0.88	
14	29	728	0.8984	
14	30	648	0.8929	
14	31	624	0.9248	
14	32	648	0.2158	C
14	33	472	0.8782	
14	34	487	0.9137	
14	35	673	0.9207	
14	36	672	0.9037	
14	37	0	NA	
14	38	0	NA	
14	39	812	0.9026	
14	40	740	0.9348	
14	41	699	0.883	
14	42	618	0.9376	
14	43	608	0.8786	
14	44	537	0.96	
14	45	956	0.9286	
14	46	568	0.8729	
14	47	679	0.9085	
14	48	1089	0.8868	
15	1	1078	0.9229	
15	2	829	0.9114	
15	3	789	0.9152	
15	4	177	0.8882	
15	5	560	0.9474	
15	6	745	0.9457	
15	7	15	0.7689	
15	8	1018	0.9321	
15	9	721	0.8694	
15	10	772	0.9417	
15	11	627	0.8791	
15	12	785	0.8766	
15	13	563	0.9472	
15	14	611	0.939	
15	15	410	0.9073	
15	16	404	0.8941	
15	17	199	0.8831	
15	18	338	0.9268	
15	19	494	0.9459	
15	20	513	0.892	
15	21	375	0.9105	
15	22	206	0.9777	
15	23	676	0.9202	
15	24	636	0.9426	
15	25	659	0.9523	
15	26	683	0.9411	
15	27	487	0.9191	
15	28	530	0.9344	
15	29	601	0.8532	
15	30	551	0.9714	
15	31	644	0.903	
15	32	703	0.9453	
15	33	614	0.9685	
15	34	730	0.9008	
15	35	209	0.9191	
15	36	263	0.9729	
15	37	691	0.9071	
15	38	592	0.8933	
15	39	558	0.9088	
15	40	681	0.9432	
15	41	0	NA	
15	42	0	NA	
15	43	0	NA	
15	44	0	NA	
15	45	15	1.1033	
15	46	714	0.9553	
15	47	812	0.9375	
15	48	691	0.957	
16	1	986	0.8813	
16	2	982	0.8865	
16	3	449	0.896	
16	4	617	0.9076	
16	5	573	0.9511	
16	6	689	0.9265	
16	7	1049	0.9415	
16	8	379	0.9575	
16	9	777	0.9013	
16	10	709	0.942	
16	11	730	0.9423	
16	12	802	0.9409	
16	13	599	0.9449	
16	14	557	0.9245	
16	15	439	0.9162	
16	16	467	0.8397	
16	17	244	0.8847	
16	18	487	0.9115	
16	19	537	0.9522	
16	20	493	0.9043	
16	21	220	0.9466	
16	22	385	0.9502	
16	23	608	0.9466	
16	24	693	0.9207	
16	25	648	0.9654	
16	26	656	0.9479	
16	27	464	0.9014	
16	28	405	0.9458	
16	29	601	0.948	
16	30	592	0.8773	
16	31	595	0.9264	
16	32	535	0.9176	
16	33	601	0.9659	
16	34	732	0.8827	
16	35	297	0.9882	
16	36	307	0.8938	
16	37	620	0.912	
16	38	642	0.9002	
16	39	705	0.9596	
16	40	566	0.9653	
16	41	0	NA	
16	42	0	NA	
16	43	0	NA	
16	44	0	NA	
16	45	728	0.9462	
16	46	695	0.7811	
16	47	435	0.9418	
16	48	825	0.8014	
17	1	514	0.9507	
17	2	413	0.8999	
17	3	173	0.8482	
17	4	231	0.9357	
17	5	0	NA	
17	6	0	NA	
17	7	666	0.9224	
17	8	678	0.939	
17	9	0	NA	
17	10	0	NA	
17	11	657	0.9212	
17	12	642	0.9444	
17	13	21	0.971	
17	14	18	0.8499	
17	15	0	NA	
17	16	0	NA	
17	17	506	0.8678	
17	18	537	0.921	
17	19	631	0.9522	
17	20	652	0.903	
17	21	701	0.959	
17	22	682	0.9171	
17	23	699	0.9131	
17	24	620	0.9237	
17	25	703	0.9453	
17	26	705	0.9055	
17	27	721	0.9306	
17	28	720	0.8783	
17	29	713	0.9588	
17	30	612	0.958	
17	31	671	0.8946	
17	32	666	0.9291	
17	33	720	0.9033	
17	34	755	0.9472	
17	35	0	NA	
17	36	0	NA	
17	37	823	0.9655	
17	38	805	0.9191	
17	39	0	NA	
17	40	89	1.0288	
17	41	874	0.9318	
17	42	869	0.9028	
17	43	813	0.8667	
17	44	884	0.9087	
17	45	797	0.9306	
17	46	754	0.8677	
17	47	981	0.8436	
17	48	1037	0.9141	
18	1	458	0.9618	
18	2	443	0.9107	
18	3	536	0.9373	
18	4	336	0.961	
18	5	0	NA	
18	6	0	NA	
18	7	867	0.9386	
18	8	676	0.909	
18	9	0	NA	
18	10	0	NA	
18	11	681	0.9048	
18	12	656	0.9313	
18	13	20	0.3848	C
18	14	17	0.3794	C
18	15	0	NA	
18	16	0	NA	
18	17	484	0.9517	
18	18	513	0.9096	
18	19	483	0.944	
18	20	721	0.894	
18	21	724	0.8832	
18	22	723	0.907	
18	23	679	0.9131	
18	24	719	0.867	
18	25	682	0.9283	
18	26	732	0.9292	
18	27	715	0.8866	
18	28	714	0.9439	
18	29	671	0.9133	
18	30	705	0.8845	
18	31	631	0.8958	
18	32	678	0.9276	
18	33	677	0.9493	
18	34	786	0.9478	
18	35	19	0.4329	S,C
18	36	0	NA	
18	37	778	0.9127	
18	38	812	0.9419	
18	39	0	NA	
18	40	4	1.078	
18	41	882	0.9344	
18	42	771	0.9297	
18	43	836	0.9091	
18	44	816	0.8931	
18	45	784	0.9302	
18	46	774	0.908	
18	47	937	0.8341	
18	48	1113	0.886	
19	1	1165	0.8986	
19	2	11	0.6981	
19	3	994	0.8712	
19	4	908	0.9374	
19	5	226	0.9812	
19	6	313	0.8293	
19	7	650	0.9002	
19	8	665	0.9257	
19	9	545	0.8807	
19	10	609	0.9073	
19	11	654	0.8585	
19	12	667	0.9079	
19	13	765	0.8449	
19	14	767	0.8471	
19	15	624	0.9064	
19	16	292	0.872	
19	17	731	0.8674	
19	18	650	0.9276	
19	19	767	0.8998	
19	20	739	0.8437	
19	21	516	0.9278	
19	22	541	0.8647	
19	23	663	0.958	
19	24	674	0.9174	
19	25	17	0.4525	C
19	26	13	0.4781	C
19	27	719	0.9392	
19	28	702	0.944	
19	29	575	0.9544	
19	30	532	0.9701	
19	31	623	0.9282	
19	32	590	0.879	
19	33	552	0.9287	
19	34	663	0.9296	
19	35	637	0.9613	
19	36	717	0.8507	
19	37	693	0.9319	
19	38	690	0.9167	
19	39	779	0.9287	
19	40	763	0.8615	
19	41	512	0.8565	
19	42	628	0.9238	
19	43	0	NA	
19	44	12	1.1098	
19	45	458	0.9558	
19	46	519	0.9464	
19	47	756	0.9484	
19	48	1018	0.9414	
20	1	24	0.7487	
20	2	377	0.9154	
20	3	751	0.9422	
20	4	709	0.9	
20	5	228	0.9316	
20	6	309	0.8774	
20	7	754	0.8746	
20	8	521	0.9238	
20	9	515	0.9132	
20	10	597	0.9106	
20	11	624	0.9179	
20	12	693	0.9481	
20	13	670	0.9166	
20	14	775	0.871	
20	15	451	0.8815	
20	16	376	0.9129	
20	17	671	0.9023	
20	18	619	0.9462	
20	19	699	0.9176	
20	20	676	0.9479	
20	21	546	0.8693	
20	22	534	0.8984	
20	23	692	0.9584	
20	24	691	0.9026	
20	25	13	0.1598	C
20	26	511	0.9188	
20	27	608	0.9344	
20	28	808	0.9373	
20	29	536	0.932	
20	30	560	0.9682	
20	31	614	0.9559	
20	32	664	0.9427	
20	33	615	0.6658	
20	34	606	0.9145	
20	35	648	0.9482	
20	36	695	0.9299	
20	37	601	0.9712	
20	38	647	0.9026	
20	39	760	0.9379	
20	40	778	0.9275	
20	41	518	0.8764	
20	42	614	0.908	
20	43	26	0.8983	
20	44	21	0.7075	
20	45	817	0.9081	
20	46	641	0.8725	
20	47	872	0.9139	
20	48	1071	0.8959	
21	1	1248	0.8859	
21	2	845	0.9541	
21	3	915	0.9209	
21	4	801	0.9397	
21	5	751	0.9422	
21	6	778	0.9382	
21	7	28	0.6916	
21	8	14	0.9433	
21	9	757	0.9234	
21	10	737	0.899	
21	11	806	0.916	
21	12	728	0.9241	
21	13	0	NA	
21	14	0	NA	
21	15	827	0.9338	
21	16	715	0.9499	
21	17	750	0.9044	
21	18	666	0.87	
21	19	237	0.8767	
21	20	234	0.8656	
21	21	653	0.9044	
21	22	611	0.8829	
21	23	662	0.9447	
21	24	635	0.946	
21	25	672	0.8928	
21	26	627	0.906	
21	27	638	0.9679	
21	28	691	0.7538	
21	29	415	0.9692	
21	30	409	0.9339	
21	31	703	0.8819	
21	32	656	0.9479	
21	33	513	0.9682	
21	34	567	0.8714	
21	35	724	0.9457	
21	36	720	0.8583	
21	37	254	0.9134	
21	38	363	0.902	
21	39	579	0.9356	
21	40	594	0.8964	
21	41	759	0.9366	
21	42	774	0.9441	
21	43	323	0.9335	
21	44	305	0.9622	
21	45	533	0.9017	
21	46	398	0.9295	
21	47	745	0.9346	
21	48	942	0.9342	
22	1	1171	0.8312	
22	2	808	0.9081	
22	3	931	0.9233	
22	4	819	0.8963	
22	5	760	0.9121	
22	6	699	0.94	
22	7	19	0.974	
22	8	22	0.2807	C
22	9	832	0.9147	
22	10	764	0.9474	
22	11	774	0.9333	
22	12	782	0.9279	
22	13	0	NA	
22	14	0	NA	
22	15	753	0.9142	
22	16	794	0.9421	
22	17	739	0.9015	
22	18	818	0.9444	
22	19	272	0.9152	
22	20	231	0.9163	
22	21	685	0.9487	
22	22	621	0.9544	
22	23	699	0.9447	
22	24	633	0.7941	
22	25	600	0.9341	
22	26	657	0.9494	
22	27	722	0.8807	
22	28	660	0.9254	
22	29	237	0.9892	
22	30	85	0.9486	
22	31	675	0.8817	
22	32	485	0.9286	
22	33	475	0.8838	
22	34	452	0.836	
22	35	765	0.8975	
22	36	706	0.9333	
22	37	227	0.9475	
22	38	488	0.9481	
22	39	637	0.9664	
22	40	520	0.9675	
22	41	627	0.8947	
22	42	693	0.9598	
22	43	23	1.0635	
22	44	270	0.9157	
22	45	863	0.9045	
22	46	762	0.9041	
22	47	858	0.6341	
22	48	960	0.9462	
23	1	815	0.7515	
23	2	892	0.9552	
23	3	2	25.1327	
23	4	578	0.9413	
23	5	733	0.9575	
23	6	605	0.9595	
23	7	435	0.9842	
23	8	455	0.9702	
23	9	731	0.9436	
23	10	761	0.9327	
23	11	0	NA	
23	12	0	NA	
23	13	738	0.8658	
23	14	718	0.816	
23	15	553	0.8656	
23	16	558	0.8968	
23	17	277	0.8903	
23	18	136	0.9256	
23	19	574	0.9657	
23	20	615	0.9451	
23	21	611	0.9513	
23	22	560	0.9	
23	23	604	0.9404	
23	24	633	0.9381	
23	25	582	0.966	
23	26	611	0.9638	
23	27	621	0.8351	
23	28	611	0.939	
23	29	620	0.9653	
23	30	575	0.8677	
23	31	656	0.8569	
23	32	683	0.9577	
23	33	719	0.9392	
23	34	726	0.8898	
23	35	652	0.8276	
23	36	690	0.9013	
23	37	616	0.9177	
23	38	679	0.9131	
23	39	0	NA	
23	40	0	NA	
23	41	901	0.8974	
23	42	775	0.899	
23	43	860	0.8974	
23	44	819	0.9456	
23	45	759	0.9153	
23	46	582	0.6428	
23	47	233	0.9812	
23	48	1109	0.9066	
24	1	984	0.9258	
24	2	672	0.959	
24	3	569	0.9573	
24	4	670	0.9681	
24	5	767	0.8757	
24	6	537	0.9656	
24	7	458	0.9558	
24	8	421	0.8977	
24	9	732	0.8357	
24	10	757	0.9128	
24	11	0	NA	
24	12	0	NA	
24	13	760	0.9535	
24	14	684	0.9042	
24	15	591	0.8694	
24	16	523	0.9094	
24	17	154	0.8995	
24	18	155	0.9053	
24	19	649	0.9547	
24	20	531	0.9548	
24	21	604	0.9046	
24	22	546	0.8501	
24	23	625	0.8919	
24	24	611	0.9269	
24	25	593	0.8882	
24	26	587	0.9434	
24	27	636	0.3067	C
24	28	666	0.9065	
24	29	625	0.9194	
24	30	587	0.931	
24	31	665	0.9441	
24	32	728	0.9027	
24	33	695	0.9078	
24	34	746	0.91	
24	35	725	0.8602	
24	36	784	0.9094	
24	37	549	0.9546	
24	38	632	0.8753	
24	39	0	NA	
24	40	0	NA	
24	41	883	0.8887	
24	42	717	0.8605	
24	43	580	0.9321	
24	44	791	0.9538	
24	45	687	0.9399	
24	46	780	0.8406	
24	47	506	0.9607	
24	48	61	0.9679	
25	1	964	0.9229	
25	2	874	0.912	
25	3	554	0.9023	
25	4	652	0.9142	
25	5	210	0.9528	
25	6	0	NA	
25	7	541	0.8469	
25	8	541	0.9593	
25	9	709	0.9307	
25	10	676	0.9362	
25	11	713	0.8271	
25	12	739	0.8869	
25	13	18	0.9227	
25	14	0	NA	
25	15	811	0.9115	
25	16	723	0.9606	
25	17	703	0.9074	
25	18	742	0.8905	
25	19	741	0.9296	
25	20	606	0.9435	
25	21	681	0.8585	
25	22	630	0.9386	
25	23	672	0.8489	
25	24	591	0.8329	
25	25	535	0.9051	
25	26	601	0.9118	
25	27	657	0.9099	
25	28	687	0.9127	
25	29	503	0.9173	
25	30	583	0.9495	
25	31	630	0.9386	
25	32	680	0.9535	
25	33	0	NA	
25	34	2	25.1327	
25	35	631	0.9522	
25	36	710	0.95	
25	37	405	0.9104	
25	38	575	0.912	
25	39	682	0.9171	
25	40	701	0.959	
25	41	0	NA	
25	42	0	NA	
25	43	806	0.91	
25	44	704	0.8772	
25	45	433	0.877	
25	46	693	0.884	
25	47	819	0.8366	
25	48	826	0.9474	
26	1	989	0.9468	
26	2	841	0.788	
26	3	788	0.9098	
26	4	794	0.5899	C
26	5	125	0.9631	
26	6	2	25.1327	
26	7	645	0.909	
26	8	581	0.9337	
26	9	762	0.5596	C
26	10	712	0.5853	C
26	11	686	0.8886	
26	12	685	0.9211	
26	13	0	NA	
26	14	4	4.3121	
26	15	772	0.9309	
26	16	779	0.8894	
26	17	830	0.9125	
26	18	753	0.5312	C
26	19	580	0.8277	
26	20	652	0.8693	
26	21	680	0.8989	
26	22	624	0.959	
26	23	637	0.949	
26	24	725	0.9095	
26	25	603	0.9352	
26	26	593	0.953	
26	27	661	0.8997	
26	28	669	0.9313	
26	29	558	0.885	
26	30	533	0.9584	
26	31	705	0.9596	
26	32	733	0.9415	
26	33	0	NA	
26	34	0	NA	
26	35	642	0.9565	
26	36	610	0.9088	
26	37	685	0.9165	
26	38	610	0.9497	
26	39	622	0.9267	
26	40	743	0.9276	
26	41	0	NA	
26	42	0	NA	
26	43	867	0.8336	
26	44	792	0.8844	
26	45	719	0.9552	
26	46	719	0.9552	
26	47	771	0.8665	
26	48	1248	0.9331	
27	1	942	0.8539	
27	2	872	0.944	
27	3	719	0.6765	
27	4	867	0.8458	
27	5	709	0.9	
27	6	734	0.6426	
27	7	724	0.5198	C
27	8	717	0.9101	
27	9	782	0.649	
27	10	853	0.5638	C
27	11	591	0.3906	C
27	12	519	0.3507	C
27	13	837	0.4699	C
27	14	814	0.7175	
27	15	0	NA	
27	16	0	NA	
27	17	695	0.9346	
27	18	811	0.6578	
27	19	701	0.4423	C
27	20	658	0.8452	
27	21	652	0.8346	
27	22	630	0.899	
27	23	635	0.9582	
27	24	657	0.9327	
27	25	621	0.9544	
27	26	660	0.9141	
27	27	618	0.8281	
27	28	662	0.9168	
27	29	0	NA	
27	30	0	NA	
27	31	692	0.864	
27	32	723	0.7488	
27	33	690	0.3404	C
27	34	704	0.8832	
27	35	711	0.9609	
27	36	755	0.9362	
27	37	610	0.8597	
27	38	595	0.9615	
27	39	652	0.9304	
27	40	680	0.9535	
27	41	596	0.9453	
27	42	723	0.9332	
27	43	362	0.8934	
27	44	565	0.9505	
27	45	398	0.9664	
27	46	657	0.9212	
27	47	846	0.8828	
27	48	917	0.8653	
28	1	999	0.9467	
28	2	819	0.7543	
28	3	878	0.8039	
28	4	786	0.9221	
28	5	606	0.9028	
28	6	900	0.5521	C
28	7	722	0.6591	
28	8	717	0.9101	
28	9	777	0.5856	C
28	10	770	0.9502	
28	11	580	0.8982	
28	12	466	0.9108	
28	13	830	0.9628	
28	14	882	0.9203	
28	15	4	1.4797	
28	16	0	NA	
28	17	750	0.8156	
28	18	783	0.904	
28	19	638	0.9057	
28	20	719	0.9281	
28	21	715	0.5375	C
28	22	639	0.952	
28	23	712	0.613	
28	24	730	0.38	C
28	25	681	0.8307	
28	26	682	0.9732	
28	27	644	0.9389	
28	28	720	0.5518	C
28	29	8	0.8852	
28	30	4	1.078	
28	31	753	0.8694	
28	32	711	0.7286	
28	33	719	0.9127	
28	34	628	0.9477	
28	35	692	0.8784	
28	36	678	0.9117	
28	37	650	0.8848	
28	38	598	0.9484	
28	39	677	0.8994	
28	40	709	0.8318	
28	41	703	0.8967	
28	42	609	0.8231	
28	43	556	0.7934	
28	44	448	0.9153	
28	45	667	0.8969	
28	46	587	0.859	
28	47	887	0.8927	
28	48	1001	0.8294	
29	1	31	1.0906	
29	2	1147	0.9253	
29	3	687	0.5091	C
29	4	596	0.9279	
29	5	775	0.8948	
29	6	828	0.7423	
29	7	687	0.6944	
29	8	663	0.8193	
29	9	898	0.8597	
29	10	800	0.4931	C
29	11	0	NA	
29	12	0	NA	
29	13	4	2.156	
29	14	0	NA	
29	15	594	0.4425	C
29	16	391	0.8653	
29	17	851	0.6243	
29	18	878	0.8015	
29	19	0	NA	
29	20	2	25.1327	
29	21	860	0.6253	
29	22	715	0.536	C
29	23	722	0.4715	C
29	24	750	0.5186	C
29	25	726	0.5064	C
29	26	738	0.4075	C
29	27	656	0.5257	C
29	28	693	0.5967	C
29	29	747	0.7854	
29	30	718	0.7607	
29	31	725	0.8059	
29	32	660	0.9141	
29	33	793	0.9563	
29	34	700	0.6474	
29	35	355	0.8822	
29	36	353	0.9446	
29	37	752	0.8864	
29	38	741	0.9296	
29	39	604	0.8885	
29	40	680	0.9034	
29	41	821	0.8698	
29	42	663	0.958	
29	43	728	0.9133	
29	44	724	0.9039	
29	45	926	0.8394	
29	46	764	0.9213	
29	47	54	1.0116	
29	48	715	0.9499	
30	1	982	0.7724	
30	2	406	0.9375	
30	3	938	0.9342	
30	4	873	0.9451	
30	5	1000	0.9028	
30	6	974	0.8671	
30	7	685	0.5874	C
30	8	617	0.8285	
30	9	556	0.7768	
30	10	617	0.8916	
30	11	6	3.2341	
30	12	12	0.3452	C
30	13	5	3.2246	
30	14	9	0.5712	C
30	15	596	0.3837	C
30	16	530	0.8797	
30	17	930	0.6737	
30	18	828	0.8964	
30	19	25	0.289	C
30	20	5	1.3475	
30	21	978	0.5704	C
30	22	825	0.4596	C
30	23	854	0.3742	C
30	24	826	0.8313	
30	25	835	0.7994	
30	26	830	0.7097	
30	27	715	0.3521	C
30	28	743	0.3708	C
30	29	846	0.5177	C
30	30	770	0.9136	
30	31	734	0.6898	
30	32	768	0.8604	
30	33	874	0.9504	
30	34	955	0.9088	
30	35	504	0.9063	
30	36	451	0.8224	
30	37	736	0.8774	
30	38	640	0.8756	
30	39	807	0.8929	
30	40	740	0.5272	C
30	41	864	0.9252	
30	42	863	0.746	
30	43	928	0.5073	C
30	44	832	0.8276	
30	45	959	0.9088	
30	46	783	0.788	
30	47	733	0.8797	
30	48	1083	0.8655	
31	1	925	0.8893	
31	2	1014	0.9377	
31	3	0	NA	
31	4	0	NA	
31	5	0	NA	
31	6	0	NA	
31	7	1009	0.6927	
31	8	808	0.9373	
31	9	355	0.7488	
31	10	420	0.9591	
31	11	1081	0.9307	
31	12	909	0.7169	
31	13	935	0.6249	
31	14	1060	0.7232	
31	15	888	0.73	
31	16	821	0.5622	C
31	17	287	0.8356	
31	18	88	0.9821	
31	19	1063	0.6753	
31	20	971	0.3633	C
31	21	618	0.4002	C
31	22	542	0.4396	C
31	23	1094	0.4988	C
31	24	1008	0.4592	C
31	25	147	0.8807	
31	26	135	0.8149	
31	27	1010	0.4311	C
31	28	899	0.4491	C
31	29	828	0.8333	
31	30	815	0.9305	
31	31	838	0.8878	
31	32	902	0.8724	
31	33	101	0.237	C
31	34	157	0.9906	
31	35	700	0.7259	
31	36	466	0.9438	
31	37	960	0.9152	
31	38	814	0.9294	
31	39	904	0.8965	
31	40	869	0.8655	
31	41	0	NA	
31	42	0	NA	
31	43	953	0.9069	
31	44	562	0.8591	
31	45	519	0.7933	
31	46	409	0.7489	
31	47	1273	0.8815	
31	48	1024	0.6401	
32	1	1275	0.9097	
32	2	1113	0.8745	
32	3	0	NA	
32	4	0	NA	
32	5	177	0.8969	
32	6	2	25.1327	
32	7	1077	0.8607	
32	8	1025	0.9346	
32	9	394	0.9201	
32	10	352	0.9169	
32	11	1109	0.9366	
32	12	1330	0.9324	
32	13	1042	0.8885	
32	14	1159	0.7462	
32	15	952	0.8804	
32	16	1093	0.9268	
32	17	256	0.8614	
32	18	204	0.9906	
32	19	1083	0.9198	
32	20	1175	0.9063	
32	21	753	0.9292	
32	22	696	0.9359	
32	23	1224	0.9235	
32	24	1306	0.9387	
32	25	214	0.9497	
32	26	129	0.8921	
32	27	1086	0.935	
32	28	1161	0.934	
32	29	1005	0.8713	
32	30	972	0.8989	
32	31	1067	0.9224	
32	32	1087	0.8769	
32	33	120	1.0365	
32	34	155	0.9631	
32	35	849	0.6849	
32	36	462	0.8899	
32	37	1083	0.8575	
32	38	1095	0.8093	
32	39	1147	0.8392	
32	40	1350	0.4041	C
32	41	9	0.4379	C
32	42	0	NA	
32	43	290	0.8706	
32	44	7	0.9433	
32	45	734	0.9317	
32	46	422	0.8807	
32	47	1356	0.9182	
32	48	924	0.954	
