# gitter v1.0.3 data file generated on Wed Feb 25 11:19:04 2015
# Warning possible misgridding: high count of small colony sizes
# Flags: S - Colony spill or edge interference, C - Low colony circularity
# row	col	size	circularity	flags
1	1	34	0.9405	
1	2	50	0.9194	
1	3	1326	0.9136	
1	4	1173	0.9252	
1	5	1191	0.8939	
1	6	1348	0.8986	
1	7	23	0.8458	
1	8	38	1.2059	
1	9	22	0.6981	
1	10	19	1.0512	
1	11	1389	0.8743	
1	12	1079	0.9112	
1	13	1126	0.8964	
1	14	1100	0.8485	
1	15	977	0.8412	
1	16	710	0.8762	
1	17	1093	0.8783	
1	18	914	0.8418	
1	19	1074	0.803	
1	20	919	0.902	
1	21	659	0.8925	
1	22	141	0.9488	
1	23	887	0.8579	
1	24	996	0.8903	
1	25	840	0.8506	
1	26	491	0.9135	
1	27	228	0.8859	
1	28	92	1.0635	
1	29	1390	0.911	
1	30	1473	0.8571	
1	31	959	0.8832	
1	32	914	0.9025	
1	33	799	0.8881	
1	34	605	0.913	
1	35	1163	0.8586	
1	36	678	0.9117	
1	37	507	0.8415	
1	38	38	0.9957	
1	39	1142	0.8775	
1	40	1178	0.8619	
1	41	1009	0.8687	
1	42	1572	0.838	
1	43	365	0.9221	
1	44	869	0.8618	
1	45	20	0.7355	
1	46	6	0.4707	C
1	47	992	0.8659	
1	48	995	0.8858	
2	1	43	0.9271	
2	2	41	0.9479	
2	3	1121	0.8726	
2	4	1051	0.8926	
2	5	1064	0.8781	
2	6	1032	0.9008	
2	7	19	0.9445	
2	8	21	0.8237	
2	9	14	0.2694	C
2	10	18	0.706	
2	11	964	0.9081	
2	12	792	0.8942	
2	13	930	0.8361	
2	14	909	0.8976	
2	15	722	0.9274	
2	16	762	0.8839	
2	17	804	0.9388	
2	18	917	0.8592	
2	19	767	0.6944	
2	20	875	0.6173	
2	21	694	0.7924	
2	22	404	0.9081	
2	23	1197	0.8846	
2	24	1050	0.6992	
2	25	444	0.8553	
2	26	23	1.2725	
2	27	236	0.8803	
2	28	35	0.4585	C
2	29	1211	0.9341	
2	30	886	0.8879	
2	31	1011	0.6815	
2	32	947	0.8514	
2	33	1028	0.8647	
2	34	115	1.0246	
2	35	1302	0.8525	
2	36	1045	0.7914	
2	37	25	0.7486	
2	38	19	0.7311	
2	39	757	0.9387	
2	40	1103	0.9017	
2	41	448	0.9552	
2	42	1140	0.8416	
2	43	162	0.9133	S
2	44	6	0.4707	C
2	45	180	0.9339	S
2	46	25	0.8638	
2	47	1168	0.8927	
2	48	1262	0.8413	
3	1	815	0.9305	
3	2	678	0.9072	
3	3	92	0.9918	
3	4	28	0.8385	
3	5	1026	0.9301	
3	6	770	0.8559	
3	7	171	0.9405	
3	8	189	0.9484	
3	9	11	0.7601	
3	10	12	0.4496	C
3	11	9	0.4716	C
3	12	15	0.8299	
3	13	772	0.7445	
3	14	814	0.9019	
3	15	7	0.3873	C
3	16	8	0.3892	C
3	17	3	3.2341	
3	18	7	0.3873	C
3	19	507	0.7792	
3	20	618	0.7442	
3	21	896	0.7579	
3	22	945	0.7695	
3	23	652	0.7953	
3	24	166	0.9263	
3	25	1143	0.8063	
3	26	1089	0.804	
3	27	746	0.8102	
3	28	18	0.8323	
3	29	17	1.0181	
3	30	8	0.6899	
3	31	176	0.9042	
3	32	23	0.9918	
3	33	935	0.7563	
3	34	611	0.7602	
3	35	638	0.9104	
3	36	246	0.8674	
3	37	1084	0.8779	
3	38	225	0.9805	
3	39	766	0.8774	
3	40	986	0.8558	
3	41	536	0.8847	
3	42	856	0.9411	
3	43	0	NA	
3	44	13	0.7192	
3	45	1027	0.8442	
3	46	425	0.9261	
3	47	460	0.9457	
3	48	999	0.8806	
4	1	737	0.9139	
4	2	723	0.9444	
4	3	122	0.9679	
4	4	22	1.0173	
4	5	806	0.9456	
4	6	718	0.9114	
4	7	72	0.8758	
4	8	221	0.9509	
4	9	10	0.9248	
4	10	9	0.4716	C
4	11	15	0.3705	C
4	12	327	0.945	
4	13	607	0.7589	
4	14	763	0.8951	
4	15	7	0.3873	C
4	16	13	0.6462	
4	17	7	0.3873	C
4	18	11	0.6981	
4	19	393	0.8079	
4	20	292	0.8591	
4	21	707	0.6338	
4	22	879	0.8129	
4	23	875	0.7691	
4	24	511	0.6931	
4	25	756	0.7665	
4	26	1013	0.8118	
4	27	667	0.6413	
4	28	31	0.6079	
4	29	12	0.5839	C
4	30	11	0.7601	
4	31	686	0.6237	
4	32	19	0.7965	
4	33	449	0.6374	
4	34	442	0.787	
4	35	391	0.7954	
4	36	161	0.8556	
4	37	786	0.7557	
4	38	5	0.7355	
4	39	18	1.078	
4	40	943	0.8573	
4	41	713	0.7101	
4	42	827	0.8993	
4	43	0	NA	
4	44	15	1.1033	
4	45	524	0.9556	
4	46	400	0.9872	
4	47	474	0.8819	
4	48	390	0.8964	
5	1	618	0.9091	
5	2	447	0.9329	
5	3	162	0.9364	
5	4	378	0.9945	
5	5	13	0.6813	
5	6	8	0.3699	C
5	7	12	0.4496	C
5	8	1	Inf	
5	9	680	0.908	
5	10	268	0.8917	
5	11	850	0.8909	
5	12	634	0.8935	
5	13	911	0.803	
5	14	859	0.8344	
5	15	625	0.7308	
5	16	765	0.8282	
5	17	367	0.9208	
5	18	13	0.2902	C
5	19	937	0.5906	C
5	20	831	0.8804	
5	21	395	0.8422	
5	22	368	0.7532	
5	23	404	0.7849	
5	24	576	0.8076	
5	25	681	0.927	
5	26	774	0.8076	
5	27	527	0.8205	
5	28	458	0.9084	
5	29	980	0.8065	
5	30	97	0.5918	C
5	31	839	0.7478	
5	32	982	0.8455	
5	33	710	0.8302	
5	34	718	0.8044	
5	35	737	0.8687	
5	36	595	0.8818	
5	37	669	0.8029	
5	38	540	0.8088	
5	39	425	0.8307	
5	40	593	0.8142	
5	41	304	0.8851	
5	42	532	0.9001	
5	43	667	0.8508	
5	44	866	0.9036	
5	45	864	0.848	
5	46	829	0.8053	
5	47	737	0.8745	
5	48	1237	0.9051	
6	1	464	0.8561	
6	2	268	0.945	
6	3	403	0.9411	
6	4	368	0.9681	
6	5	15	0.7456	
6	6	21	0.8631	
6	7	14	0.3018	C
6	8	5	0.7355	
6	9	431	0.9391	
6	10	889	0.828	
6	11	754	0.7784	
6	12	710	0.799	
6	13	916	0.6295	
6	14	671	0.9069	
6	15	541	0.8018	
6	16	537	0.9656	
6	17	54	0.8222	
6	18	141	1.0141	
6	19	909	0.823	
6	20	788	0.7955	
6	21	362	0.9687	
6	22	333	0.9624	
6	23	215	0.7194	
6	24	447	0.8866	
6	25	784	0.8715	
6	26	655	0.8455	
6	27	64	0.8076	
6	28	549	0.7794	
6	29	527	0.9038	
6	30	365	0.9008	
6	31	916	0.8245	
6	32	396	0.7985	
6	33	784	0.9035	
6	34	890	0.6519	
6	35	871	0.7436	
6	36	832	0.752	
6	37	552	0.8224	
6	38	488	0.8451	
6	39	842	0.9299	
6	40	945	0.8482	
6	41	390	0.8847	
6	42	518	0.9446	
6	43	920	0.8718	
6	44	864	0.892	
6	45	363	0.8984	
6	46	1160	0.8112	
6	47	768	0.901	
6	48	936	0.8284	
7	1	983	0.9411	
7	2	937	0.943	
7	3	864	0.9056	
7	4	784	0.9454	
7	5	836	0.9293	
7	6	929	0.9391	
7	7	565	0.8844	
7	8	386	0.7703	
7	9	837	0.8013	
7	10	787	0.798	
7	11	411	0.7724	
7	12	751	0.8614	
7	13	534	0.8207	
7	14	462	0.8273	
7	15	628	0.8698	
7	16	484	0.946	
7	17	15	0.4568	C
7	18	13	0.6462	
7	19	840	0.9295	
7	20	899	0.6765	
7	21	112	0.8056	
7	22	51	1.0996	
7	23	885	0.8814	
7	24	670	0.9394	
7	25	555	0.939	
7	26	848	0.9575	
7	27	495	0.8828	
7	28	584	0.7666	
7	29	72	0.7226	
7	30	66	0.8883	
7	31	807	0.8332	
7	32	574	0.809	
7	33	372	0.6756	
7	34	789	0.645	
7	35	306	0.8909	
7	36	187	0.8875	
7	37	678	0.8589	
7	38	493	0.8489	
7	39	680	0.8391	
7	40	602	0.8635	
7	41	83	0.8948	
7	42	122	0.9026	
7	43	8	0.7398	
7	44	600	0.959	
7	45	857	0.8848	
7	46	860	0.9014	
7	47	1064	0.9161	
7	48	528	0.8329	
8	1	994	0.9101	
8	2	775	0.9049	
8	3	698	0.9667	
8	4	746	0.9516	
8	5	745	0.8882	
8	6	722	0.8953	
8	7	398	0.8358	
8	8	478	0.9539	
8	9	671	0.8808	
8	10	737	0.7552	
8	11	653	0.7397	
8	12	640	0.8136	
8	13	90	1.0559	
8	14	275	0.8676	
8	15	489	0.7167	
8	16	489	0.897	
8	17	13	0.3163	C
8	18	17	0.4199	C
8	19	650	0.7202	
8	20	773	0.9215	
8	21	118	0.8321	
8	22	25	0.8072	
8	23	700	0.9254	
8	24	932	0.9283	
8	25	612	0.9118	
8	26	743	0.8858	
8	27	132	0.5753	C
8	28	150	0.7837	
8	29	66	0.8329	
8	30	80	0.6217	
8	31	15	0.7456	
8	32	279	0.842	
8	33	584	0.4522	C
8	34	508	0.5183	C
8	35	575	0.8458	
8	36	555	0.9519	
8	37	767	0.9144	
8	38	696	0.8984	
8	39	242	0.9212	S
8	40	350	0.8991	
8	41	240	0.9059	
8	42	156	0.9843	
8	43	198	0.9187	
8	44	31	1.2495	
8	45	515	0.9391	
8	46	856	0.8893	
8	47	485	0.9286	
8	48	1155	0.8715	
9	1	1095	0.9159	
9	2	799	0.9268	
9	3	680	0.8632	
9	4	655	0.9299	
9	5	613	0.9181	
9	6	468	0.8961	
9	7	661	0.9155	
9	8	668	0.8479	
9	9	752	0.8115	
9	10	888	0.8637	
9	11	526	0.8614	
9	12	601	0.8294	
9	13	457	0.7316	
9	14	438	0.7691	
9	15	841	0.6547	
9	16	839	0.7469	
9	17	246	0.535	C
9	18	337	0.787	
9	19	872	0.6579	
9	20	788	0.9288	
9	21	21	0.7256	
9	22	31	0.5067	C
9	23	735	0.907	
9	24	617	0.9482	
9	25	663	0.8916	
9	26	553	0.8771	
9	27	536	0.8614	
9	28	583	0.717	
9	29	878	0.7642	
9	30	890	0.7694	
9	31	580	0.6098	
9	32	716	0.824	
9	33	595	0.8865	
9	34	800	0.8835	
9	35	562	0.9046	
9	36	536	0.9141	
9	37	687	0.8942	
9	38	691	0.8469	
9	39	873	0.8786	
9	40	703	0.8646	
9	41	28	0.8886	
9	42	21	0.6288	
9	43	492	0.8438	
9	44	672	0.8431	
9	45	766	0.8986	
9	46	192	0.8711	
9	47	22	0.8629	
9	48	48	1.0349	
10	1	947	0.9238	
10	2	665	0.9052	
10	3	561	0.8654	
10	4	567	0.9163	
10	5	506	0.8241	
10	6	707	0.8974	
10	7	731	0.8715	
10	8	732	0.8396	
10	9	824	0.8355	
10	10	505	0.9669	
10	11	210	0.788	
10	12	670	0.7447	
10	13	516	0.5043	C
10	14	458	0.6408	
10	15	786	0.6216	
10	16	712	0.7543	
10	17	259	0.5106	C
10	18	163	0.603	
10	19	743	0.7032	
10	20	726	0.8574	
10	21	29	0.977	
10	22	26	0.7605	
10	23	1063	0.2456	C
10	24	875	0.927	
10	25	240	0.9807	
10	26	376	0.8507	
10	27	500	0.8188	
10	28	466	0.8512	
10	29	677	0.8136	
10	30	875	0.8741	
10	31	874	0.8796	
10	32	307	0.7024	
10	33	677	0.7525	
10	34	518	0.8325	
10	35	405	0.7312	
10	36	618	0.8455	
10	37	745	0.7634	
10	38	568	0.7935	
10	39	728	0.8193	
10	40	442	0.655	
10	41	30	1.0749	
10	42	24	0.8292	
10	43	17	0.8451	
10	44	354	0.848	
10	45	646	0.8731	
10	46	326	0.8724	
10	47	37	0.7755	
10	48	48	0.9413	
11	1	1005	0.9202	
11	2	751	0.881	
11	3	673	0.9161	
11	4	595	0.9562	
11	5	560	0.9243	
11	6	428	0.8365	
11	7	409	0.8721	
11	8	605	0.8853	
11	9	13	0.6813	
11	10	26	0.6231	
11	11	822	0.846	
11	12	614	0.8257	
11	13	774	0.7486	
11	14	700	0.7904	
11	15	876	0.8561	
11	16	772	0.9309	
11	17	800	0.6576	
11	18	853	0.6985	
11	19	676	0.636	
11	20	684	0.593	C
11	21	700	0.7806	
11	22	673	0.9368	
11	23	23	0.5805	C
11	24	24	0.9413	
11	25	689	0.6956	
11	26	497	0.9116	
11	27	694	0.8564	
11	28	688	0.8776	
11	29	636	0.7228	
11	30	441	0.5981	C
11	31	588	0.7719	
11	32	518	0.7237	
11	33	369	0.7953	
11	34	429	0.9205	
11	35	592	0.7799	
11	36	621	0.8894	
11	37	590	0.8634	
11	38	19	0.6987	
11	39	704	0.7573	
11	40	121	1.032	
11	41	23	0.9918	
11	42	149	0.7918	
11	43	1026	0.6331	
11	44	947	0.7966	
11	45	1084	0.5643	C
11	46	801	0.9397	
11	47	873	0.9109	
11	48	1013	0.8807	
12	1	1100	0.8908	
12	2	772	0.8913	
12	3	654	0.8947	
12	4	524	0.8936	
12	5	397	0.9865	
12	6	496	0.9694	
12	7	648	0.8929	
12	8	398	0.8061	
12	9	21	0.6042	
12	10	29	0.5765	C
12	11	805	0.8782	
12	12	671	0.7872	
12	13	783	0.5708	C
12	14	761	0.7547	
12	15	840	0.9484	
12	16	690	0.7967	
12	17	880	0.5174	C
12	18	822	0.7009	
12	19	574	0.5787	C
12	20	761	0.8175	
12	21	824	0.8232	
12	22	414	0.8827	
12	23	16	0.5884	C
12	24	26	0.8251	
12	25	686	0.5988	C
12	26	830	0.6888	
12	27	523	0.8764	
12	28	739	0.8398	
12	29	635	0.8225	
12	30	467	0.6548	
12	31	424	0.8535	
12	32	660	0.8419	
12	33	347	0.7644	
12	34	584	0.7693	
12	35	571	0.8649	
12	36	638	0.8536	
12	37	322	0.9375	
12	38	847	0.8436	
12	39	413	0.7908	
12	40	843	0.7032	
12	41	24	0.9163	
12	42	1050	0.5874	C
12	43	623	0.8407	
12	44	616	0.8488	
12	45	34	1.0181	
12	46	42	1.0439	
12	47	907	0.9034	
12	48	1064	0.6348	
13	1	956	0.9423	
13	2	793	0.8775	
13	3	708	0.8925	
13	4	544	0.9646	
13	5	755	0.9472	
13	6	685	0.9487	
13	7	35	0.9682	
13	8	41	0.804	
13	9	885	0.7878	
13	10	732	0.7259	
13	11	94	0.8923	
13	12	321	0.8891	
13	13	529	0.5861	C
13	14	641	0.891	
13	15	35	0.77	
13	16	72	0.8153	
13	17	347	0.6143	
13	18	219	0.5819	C
13	19	785	0.4989	C
13	20	725	0.5734	C
13	21	736	0.5937	C
13	22	767	0.6604	
13	23	616	0.7033	
13	24	722	0.8375	
13	25	359	0.6707	
13	26	166	0.9263	
13	27	709	0.8792	
13	28	795	0.9587	
13	29	583	0.8563	
13	30	676	0.7054	
13	31	580	0.8752	
13	32	683	0.9344	
13	33	185	0.8584	
13	34	121	1.0012	
13	35	412	0.9321	
13	36	755	0.6206	
13	37	601	0.7478	
13	38	488	0.5572	C
13	39	706	0.9494	
13	40	656	0.8672	
13	41	752	0.5785	C
13	42	838	0.8398	
13	43	26	1.2925	
13	44	40	1.1978	
13	45	515	0.9079	
13	46	1004	0.9117	
13	47	563	0.8496	
13	48	1013	0.8638	
14	1	876	0.8725	
14	2	525	0.8174	
14	3	629	0.8865	
14	4	815	0.8315	
14	5	727	0.8725	
14	6	571	0.9606	
14	7	33	0.6265	
14	8	39	0.7171	
14	9	751	0.8546	
14	10	813	0.864	
14	11	163	0.9189	
14	12	346	0.8172	
14	13	650	0.7353	
14	14	552	0.8755	
14	15	41	0.9479	
14	16	27	0.8568	
14	17	251	0.5459	C
14	18	48	1.056	
14	19	842	0.4543	C
14	20	609	0.5237	C
14	21	803	0.5109	C
14	22	811	0.4773	C
14	23	505	0.5885	C
14	24	837	0.9556	
14	25	214	0.7546	
14	26	593	0.8802	
14	27	805	0.9191	
14	28	663	0.958	
14	29	561	0.9567	
14	30	647	0.9267	
14	31	864	0.9153	
14	32	74	0.3296	C
14	33	150	0.5758	C
14	34	73	0.787	
14	35	347	0.9925	
14	36	203	0.8053	
14	37	628	0.9356	
14	38	420	0.9654	
14	39	582	0.9302	
14	40	434	0.8922	
14	41	534	0.9107	
14	42	893	0.9318	
14	43	26	1.2022	
14	44	33	1.2136	
14	45	530	0.9344	
14	46	272	0.9405	
14	47	64	1.0332	
14	48	966	0.9116	
15	1	26	0.8251	
15	2	15	0.6936	
15	3	865	0.8552	
15	4	788	0.9502	
15	5	634	0.9326	
15	6	693	0.8901	
15	7	681	0.8852	
15	8	657	0.8685	
15	9	16	0.8852	
15	10	144	0.6789	
15	11	854	0.6598	
15	12	707	0.696	
15	13	417	0.5293	C
15	14	375	0.5269	C
15	15	26	1.0198	
15	16	27	0.4874	C
15	17	856	0.4594	C
15	18	738	0.4304	C
15	19	377	0.6342	
15	20	271	0.7431	
15	21	641	0.569	C
15	22	685	0.7734	
15	23	413	0.9283	
15	24	708	0.9139	
15	25	58	1.0665	
15	26	68	0.8811	
15	27	588	0.9326	
15	28	510	0.917	
15	29	635	0.9582	
15	30	433	0.9174	
15	31	663	0.8916	
15	32	761	0.9391	
15	33	672	0.9388	
15	34	832	0.8616	
15	35	803	0.8203	
15	36	838	0.8799	
15	37	422	0.808	
15	38	88	0.9487	
15	39	614	0.9032	
15	40	806	0.8631	
15	41	849	0.8635	
15	42	800	0.9134	
15	43	752	0.9235	
15	44	761	0.8077	
15	45	928	0.9069	
15	46	1096	0.8725	
15	47	501	0.9456	
15	48	224	0.8527	
16	1	25	0.539	C
16	2	20	0.7355	
16	3	881	0.9292	
16	4	732	0.9402	
16	5	742	0.9201	
16	6	634	0.8453	
16	7	700	0.5248	C
16	8	540	0.8223	
16	9	206	0.9347	
16	10	457	0.4677	C
16	11	746	0.701	
16	12	698	0.8614	
16	13	173	0.9419	
16	14	630	0.6229	
16	15	27	0.8568	
16	16	27	0.9929	
16	17	715	0.447	C
16	18	956	0.432	C
16	19	287	0.4387	C
16	20	334	0.9158	
16	21	817	0.5836	C
16	22	574	0.9104	
16	23	667	0.9238	
16	24	786	0.8933	
16	25	43	0.5023	C
16	26	48	0.9413	
16	27	618	0.9497	
16	28	688	0.9696	
16	29	681	0.9158	
16	30	517	0.9619	
16	31	492	0.9154	
16	32	502	0.9154	
16	33	103	0.9909	
16	34	759	0.9321	
16	35	659	0.9694	
16	36	38	1.0512	
16	37	30	1.0106	
16	38	39	0.9843	
16	39	661	0.9043	
16	40	29	0.8684	
16	41	527	0.9345	
16	42	663	0.8193	
16	43	470	0.9053	
16	44	945	0.9179	
16	45	138	0.7976	
16	46	813	0.8521	
16	47	451	0.9272	
16	48	58	0.7055	
17	1	933	0.939	
17	2	964	0.8878	
17	3	10	0.9248	
17	4	19	0.9445	
17	5	546	0.9186	
17	6	383	0.9299	
17	7	737	0.4607	C
17	8	642	0.7922	
17	9	756	0.821	
17	10	647	0.7159	
17	11	325	0.9392	
17	12	712	0.5507	C
17	13	602	0.6896	
17	14	636	0.8267	
17	15	615	0.5259	C
17	16	789	0.5969	C
17	17	478	0.4021	C
17	18	581	0.5444	C
17	19	288	0.7994	
17	20	498	0.6046	
17	21	776	0.5642	C
17	22	686	0.9271	
17	23	470	0.9186	
17	24	498	0.9399	
17	25	615	0.9451	
17	26	562	0.9328	
17	27	130	0.935	
17	28	148	0.8554	
17	29	689	0.9542	
17	30	767	0.9249	
17	31	412	0.9408	
17	32	334	0.99	
17	33	759	0.9522	
17	34	506	0.9098	
17	35	651	0.9128	
17	36	582	0.9302	
17	37	591	0.9679	
17	38	600	0.878	
17	39	693	0.9433	
17	40	483	0.8284	
17	41	444	0.9613	
17	42	381	0.9468	
17	43	557	0.9685	
17	44	381	0.9102	
17	45	577	0.8983	
17	46	821	0.8725	
17	47	905	0.8791	
17	48	265	0.9609	
18	1	959	0.905	
18	2	982	0.9082	
18	3	18	0.5712	C
18	4	20	0.5048	C
18	5	563	0.922	
18	6	578	0.9594	
18	7	576	0.8805	
18	8	527	0.8549	
18	9	714	0.745	
18	10	589	0.8467	
18	11	467	0.7932	
18	12	609	0.5537	C
18	13	594	0.4869	C
18	14	469	0.7398	
18	15	43	0.7028	
18	16	807	0.5165	C
18	17	510	0.7627	
18	18	565	0.5645	C
18	19	106	0.9875	
18	20	201	0.8978	
18	21	602	0.8699	
18	22	686	0.9549	
18	23	480	0.8805	
18	24	379	0.9509	
18	25	622	0.9559	
18	26	564	0.9488	
18	27	289	0.9616	
18	28	35	0.9682	
18	29	622	0.9386	
18	30	838	0.9213	
18	31	326	0.6744	
18	32	151	0.8728	
18	33	839	0.9369	
18	34	621	0.9371	
18	35	607	0.916	
18	36	526	0.897	
18	37	489	0.9758	
18	38	228	0.981	
18	39	741	0.9039	
18	40	627	0.864	
18	41	393	0.9929	
18	42	190	1.0097	
18	43	719	0.902	
18	44	707	0.9555	
18	45	630	0.9151	
18	46	1001	0.9219	
18	47	977	0.9165	
18	48	1172	0.8843	
19	1	828	0.9103	
19	2	609	0.8912	
19	3	192	0.9413	
19	4	584	0.9511	
19	5	659	0.8938	
19	6	649	0.8622	
19	7	763	0.9053	
19	8	675	0.9348	
19	9	514	0.8937	
19	10	577	0.7228	
19	11	438	0.8778	
19	12	550	0.8957	
19	13	604	0.702	
19	14	617	0.8157	
19	15	547	0.7293	
19	16	571	0.8251	
19	17	621	0.7663	
19	18	839	0.5006	C
19	19	545	0.8224	
19	20	530	0.868	
19	21	232	0.9857	
19	22	325	0.9392	
19	23	270	0.9336	
19	24	298	0.8523	
19	25	703	0.934	
19	26	659	0.9127	
19	27	48	0.8992	
19	28	64	0.8852	
19	29	721	0.9531	
19	30	747	0.9642	
19	31	742	0.9201	
19	32	810	0.9502	
19	33	277	0.9578	
19	34	152	0.9957	
19	35	405	0.9458	
19	36	333	0.9177	
19	37	779	0.9096	
19	38	642	0.9325	
19	39	728	0.9509	
19	40	439	0.876	
19	41	684	0.8891	
19	42	798	0.9318	
19	43	608	0.8786	
19	44	525	0.944	
19	45	702	0.917	
19	46	816	0.936	
19	47	616	0.8488	
19	48	771	0.9045	
20	1	768	0.9523	
20	2	466	0.958	
20	3	404	0.8182	
20	4	311	0.9287	
20	5	791	0.9538	
20	6	651	0.9407	
20	7	739	0.9271	
20	8	695	0.946	
20	9	632	0.8753	
20	10	531	0.8299	
20	11	531	0.8344	
20	12	409	0.7798	
20	13	590	0.7115	
20	14	563	0.8419	
20	15	604	0.7167	
20	16	663	0.7778	
20	17	652	0.533	C
20	18	758	0.9509	
20	19	515	0.9132	
20	20	413	0.8806	
20	21	355	0.9339	
20	22	411	0.9509	
20	23	230	0.9685	
20	24	45	0.4412	C
20	25	637	0.949	
20	26	748	0.6485	
20	27	43	0.6186	
20	28	35	0.4764	C
20	29	586	0.8958	
20	30	706	0.961	
20	31	622	0.9737	
20	32	376	0.9499	
20	33	170	1.0185	
20	34	308	0.9129	
20	35	386	0.9372	
20	36	289	0.954	
20	37	273	0.9899	
20	38	390	0.9534	
20	39	634	0.9161	
20	40	134	0.9638	
20	41	750	0.8899	
20	42	577	0.9397	
20	43	670	0.9279	
20	44	622	0.8467	
20	45	651	0.8906	
20	46	539	0.8392	
20	47	64	1.0591	
20	48	77	0.9868	
21	1	831	0.9383	
21	2	657	0.8522	
21	3	570	0.8991	
21	4	55	0.9675	
21	5	637	0.937	
21	6	816	0.9421	
21	7	18	1.078	
21	8	28	1.0297	
21	9	562	0.8703	
21	10	506	0.8479	
21	11	599	0.7248	
21	12	684	0.7009	
21	13	666	0.8848	
21	14	642	0.9161	
21	15	277	0.9656	
21	16	284	0.7654	
21	17	426	0.9638	
21	18	682	0.8388	
21	19	71	0.8636	
21	20	73	0.787	
21	21	690	0.8226	
21	22	705	0.9528	
21	23	713	0.9313	
21	24	643	0.9176	
21	25	646	0.9675	
21	26	698	0.8555	
21	27	681	0.9158	
21	28	650	0.9392	
21	29	541	0.9279	
21	30	779	0.8796	
21	31	84	0.9855	
21	32	27	0.735	
21	33	714	0.9063	
21	34	602	0.9675	
21	35	769	0.9124	
21	36	789	0.9152	
21	37	488	0.9026	
21	38	707	0.887	
21	39	647	0.9233	
21	40	666	0.9386	
21	41	0	NA	
21	42	22	0.8629	
21	43	626	0.916	
21	44	770	0.918	
21	45	379	0.8851	
21	46	336	0.954	
21	47	1072	0.4785	C
21	48	1116	0.6014	
22	1	817	0.9433	
22	2	652	0.9304	
22	3	343	0.9338	
22	4	823	0.925	
22	5	687	0.9515	
22	6	709	0.9152	
22	7	24	0.6639	
22	8	27	0.8568	
22	9	531	0.9362	
22	10	523	0.9274	
22	11	671	0.9101	
22	12	467	0.966	
22	13	677	0.8623	
22	14	767	0.9162	
22	15	51	1.122	
22	16	278	0.8094	
22	17	374	0.9294	
22	18	210	0.9967	
22	19	68	0.7227	
22	20	54	0.8568	
22	21	712	0.8392	
22	22	640	0.8261	
22	23	637	0.879	
22	24	642	0.9002	
22	25	610	0.8861	
22	26	744	0.863	
22	27	415	0.8985	
22	28	502	0.9812	
22	29	482	0.9702	
22	30	610	0.9675	
22	31	402	0.9827	
22	32	426	0.889	
22	33	569	0.8477	
22	34	496	0.8507	
22	35	278	0.639	
22	36	747	0.9482	
22	37	763	0.8351	
22	38	640	0.9535	
22	39	687	0.9351	
22	40	698	0.9163	
22	41	22	0.968	
22	42	38	0.8786	
22	43	667	0.94	
22	44	704	0.8038	
22	45	662	0.9398	
22	46	32	0.7398	
22	47	982	0.8778	
22	48	1325	0.627	
23	1	1039	0.9287	
23	2	738	0.9259	
23	3	21	0.9055	
23	4	15	0.7298	
23	5	579	0.9305	
23	6	460	0.8937	
23	7	688	0.8837	
23	8	580	0.9199	
23	9	646	0.9104	
23	10	708	0.9294	
23	11	21	0.559	C
23	12	44	0.8466	
23	13	449	0.8354	
23	14	436	0.7007	
23	15	571	0.8047	
23	16	576	0.956	
23	17	46	0.9642	
23	18	42	0.6288	
23	19	756	0.6341	
23	20	777	0.4771	C
23	21	770	0.3364	C
23	22	853	0.2441	C
23	23	371	0.8804	
23	24	218	0.9587	
23	25	642	0.8529	
23	26	610	0.9254	
23	27	694	0.9494	
23	28	697	0.9182	
23	29	562	0.9204	
23	30	628	0.9238	
23	31	290	0.9836	
23	32	213	0.9883	
23	33	714	0.9108	
23	34	663	0.9412	
23	35	586	0.9418	
23	36	679	0.9242	
23	37	328	0.9722	
23	38	411	0.8763	
23	39	663	0.8318	
23	40	623	0.9164	
23	41	456	0.8784	
23	42	551	0.8855	
23	43	654	0.945	
23	44	662	0.9398	
23	45	630	0.9507	
23	46	639	0.9006	
23	47	791	0.9385	
23	48	1028	0.928	
24	1	896	0.945	
24	2	817	0.9585	
24	3	18	1.1708	
24	4	17	1.0181	
24	5	455	0.908	
24	6	559	0.8935	
24	7	522	0.8664	
24	8	592	0.8554	
24	9	617	0.8916	
24	10	486	0.9306	
24	11	20	0.5533	C
24	12	40	0.9731	
24	13	398	0.9148	
24	14	356	0.9209	
24	15	394	0.9262	
24	16	617	0.9241	
24	17	49	0.4349	C
24	18	70	0.4194	C
24	19	1010	0.2742	C
24	20	1079	0.1789	C
24	21	759	0.2927	C
24	22	542	0.8996	
24	23	72	0.7762	
24	24	25	0.9805	
24	25	603	0.7904	
24	26	40	0.7844	
24	27	780	0.9151	
24	28	754	0.9198	
24	29	534	0.9158	
24	30	690	0.8556	
24	31	298	0.8676	
24	32	41	0.7345	
24	33	967	0.9007	
24	34	922	0.9239	
24	35	632	0.9416	
24	36	444	0.9826	
24	37	537	0.9522	
24	38	341	0.8821	
24	39	761	0.9547	
24	40	566	0.9269	
24	41	385	0.9348	
24	42	735	0.9114	
24	43	655	0.9184	
24	44	301	0.9153	
24	45	673	0.9161	
24	46	742	0.9201	
24	47	1060	0.6509	
24	48	670	0.8546	
25	1	830	0.9328	
25	2	613	0.849	
25	3	656	0.9773	
25	4	682	0.9445	
25	5	382	0.998	
25	6	408	0.9528	
25	7	664	0.9475	
25	8	517	0.9428	
25	9	558	0.8884	
25	10	659	0.8862	
25	11	635	0.946	
25	12	562	0.8797	
25	13	769	0.8162	
25	14	594	0.8583	
25	15	849	0.2715	C
25	16	546	0.568	C
25	17	628	0.9075	
25	18	734	0.5351	C
25	19	507	0.8382	
25	20	361	0.9338	
25	21	523	0.9593	
25	22	734	0.875	
25	23	532	0.4567	C
25	24	593	0.953	
25	25	292	0.9459	
25	26	390	0.9317	
25	27	26	0.6462	
25	28	21	0.5809	C
25	29	652	0.9304	
25	30	643	0.958	
25	31	334	0.9205	
25	32	307	0.9099	
25	33	53	0.7624	
25	34	33	0.8647	
25	35	295	0.9307	
25	36	313	0.8733	
25	37	774	0.9333	
25	38	703	0.8967	
25	39	457	0.9744	
25	40	441	0.9609	
25	41	605	0.9178	
25	42	732	0.9337	
25	43	406	0.8985	
25	44	675	0.8861	
25	45	661	0.9433	
25	46	679	0.8283	
25	47	593	0.953	
25	48	835	0.9324	
26	1	757	0.9451	
26	2	527	0.8916	
26	3	668	0.9139	
26	4	738	0.9526	
26	5	466	0.9163	
26	6	436	0.9356	
26	7	673	0.9321	
26	8	597	0.8627	
26	9	551	0.8974	
26	10	537	0.655	
26	11	544	0.8743	
26	12	589	0.922	
26	13	649	0.7158	
26	14	575	0.8837	
26	15	643	0.9016	
26	16	631	0.9573	
26	17	653	0.9156	
26	18	629	0.8756	
26	19	579	0.9183	
26	20	239	0.9681	
26	21	852	0.6162	
26	22	732	0.9183	
26	23	410	0.9276	
26	24	426	0.9427	
26	25	352	0.9821	
26	26	183	0.9964	
26	27	23	0.6027	
26	28	31	0.4337	C
26	29	701	0.9202	
26	30	503	0.8746	
26	31	303	0.9559	
26	32	496	0.9753	
26	33	23	0.3181	C
26	34	22	0.6981	
26	35	257	0.9587	
26	36	364	0.9045	
26	37	560	0.8606	
26	38	757	0.9128	
26	39	440	0.878	
26	40	745	0.9088	
26	41	579	0.9015	
26	42	45	0.758	
26	43	395	0.9374	
26	44	311	0.9218	
26	45	689	0.8405	
26	46	671	0.9133	
26	47	323	0.9171	
26	48	459	0.9579	
27	1	629	0.9667	
27	2	533	0.9584	
27	3	589	0.8619	
27	4	576	0.9329	
27	5	632	0.9713	
27	6	602	0.9548	
27	7	462	0.872	
27	8	620	0.807	
27	9	476	0.9247	
27	10	609	0.9141	
27	11	483	0.9116	
27	12	569	0.8975	
27	13	47	1.0866	
27	14	118	0.9362	
27	15	717	0.7426	
27	16	657	0.8772	
27	17	456	0.8784	
27	18	520	0.9221	
27	19	373	0.9582	
27	20	367	0.9494	
27	21	26	0.7359	
27	22	27	0.9929	
27	23	583	0.9676	
27	24	509	0.9282	
27	25	552	0.9162	
27	26	662	0.9447	
27	27	587	0.9189	
27	28	416	0.9715	
27	29	595	0.9562	
27	30	645	0.9609	
27	31	711	0.9446	
27	32	736	0.95	
27	33	17	0.6987	
27	34	36	0.2798	C
27	35	724	0.866	
27	36	694	0.8853	
27	37	454	0.9005	
27	38	478	0.9208	
27	39	0	NA	
27	40	18	0.9227	
27	41	143	0.9367	
27	42	679	0.9404	
27	43	513	0.9044	
27	44	415	0.9692	
27	45	577	0.9102	
27	46	785	0.9358	
27	47	675	0.9188	
27	48	723	0.9332	
28	1	498	0.883	
28	2	467	0.9128	
28	3	698	0.7206	
28	4	654	0.957	
28	5	629	0.8976	
28	6	532	0.855	
28	7	643	0.9176	
28	8	598	0.4294	C
28	9	659	0.9127	
28	10	663	0.9182	
28	11	655	0.9635	
28	12	532	0.9124	
28	13	287	0.8662	
28	14	52	0.9147	
28	15	745	0.402	C
28	16	492	0.9286	
28	17	497	0.9574	
28	18	344	0.9839	
28	19	474	0.96	
28	20	330	0.9781	
28	21	24	0.8826	
28	22	27	0.6026	
28	23	477	0.9721	
28	24	639	0.9282	
28	25	707	0.7773	
28	26	587	0.9139	
28	27	847	0.9312	
28	28	433	0.9233	
28	29	685	0.9654	
28	30	295	0.9206	
28	31	594	0.9129	
28	32	702	0.9555	
28	33	6	0.5549	C
28	34	6	1.2861	
28	35	762	0.8839	
28	36	662	0.9447	
28	37	599	0.8924	
28	38	632	0.9588	
28	39	20	0.8624	
28	40	15	1.1033	
28	41	394	0.9791	
28	42	637	0.9789	
28	43	714	0.9281	
28	44	736	0.9082	
28	45	415	0.9184	
28	46	861	0.9321	
28	47	572	0.9623	
28	48	776	0.896	
29	1	939	0.793	
29	2	731	0.7514	
29	3	625	0.8656	
29	4	591	0.9809	
29	5	521	0.9059	
29	6	602	0.9496	
29	7	228	0.981	
29	8	267	0.9491	
29	9	19	0.8786	
29	10	203	0.9126	
29	11	618	0.8851	
29	12	532	0.9303	
29	13	78	0.8208	
29	14	118	1.0378	
29	15	602	0.841	
29	16	804	0.4961	C
29	17	385	0.9727	
29	18	166	1.0315	
29	19	615	0.7077	
29	20	755	0.4118	C
29	21	715	0.8047	
29	22	658	0.916	
29	23	700	0.7966	
29	24	786	0.9117	
29	25	701	0.8794	
29	26	765	0.8915	
29	27	190	0.9762	
29	28	190	0.9535	
29	29	28	0.9851	
29	30	33	0.7908	
29	31	517	0.9296	
29	32	471	0.9598	
29	33	612	0.8062	
29	34	404	0.914	
29	35	686	0.8708	
29	36	619	0.8617	
29	37	481	0.9265	
29	38	746	0.7702	
29	39	225	0.9275	
29	40	515	0.926	
29	41	565	0.908	
29	42	416	0.9625	
29	43	21	0.559	C
29	44	39	0.9488	
29	45	865	0.9164	
29	46	700	0.8782	
29	47	655	0.8808	
29	48	1012	0.8664	
30	1	996	0.8991	
30	2	893	0.7667	
30	3	653	0.9556	
30	4	652	0.903	
30	5	576	0.6726	
30	6	542	0.4169	C
30	7	273	0.369	C
30	8	286	0.97	
30	9	76	1.1114	
30	10	418	0.6508	
30	11	702	0.4137	C
30	12	648	0.3971	C
30	13	194	0.684	
30	14	61	1.073	
30	15	806	0.4377	C
30	16	808	0.5367	C
30	17	554	0.2919	C
30	18	374	0.2023	C
30	19	791	0.7582	
30	20	827	0.5311	C
30	21	861	0.7559	
30	22	904	0.891	
30	23	858	0.923	
30	24	688	0.9365	
30	25	977	0.5236	C
30	26	883	0.5324	C
30	27	224	0.9851	
30	28	250	0.9437	
30	29	36	0.8948	
30	30	37	0.8554	
30	31	654	0.7167	
30	32	479	0.904	
30	33	683	0.9074	
30	34	707	0.8174	
30	35	580	0.8799	
30	36	674	0.8955	
30	37	797	0.838	
30	38	803	0.942	
30	39	323	0.816	
30	40	209	0.9571	
30	41	522	0.9575	
30	42	666	0.9224	
30	43	47	1.034	
30	44	60	0.8774	
30	45	600	0.9568	
30	46	973	0.9315	
30	47	660	0.8769	
30	48	1202	0.9393	
31	1	953	0.8519	
31	2	873	0.9451	
31	3	386	0.9752	
31	4	309	0.9932	
31	5	827	0.9092	
31	6	798	0.4989	C
31	7	723	0.8579	
31	8	822	0.5976	C
31	9	520	0.8918	
31	10	641	0.8109	
31	11	853	0.5044	C
31	12	831	0.4258	C
31	13	978	0.4555	C
31	14	946	0.4989	C
31	15	854	0.4795	C
31	16	794	0.4831	C
31	17	589	0.7786	
31	18	751	0.4415	C
31	19	858	0.4273	C
31	20	968	0.2176	C
31	21	210	0.9235	
31	22	412	0.9558	
31	23	394	0.9056	
31	24	334	0.9724	
31	25	640	0.763	
31	26	489	0.9229	
31	27	599	0.7667	
31	28	738	0.8077	
31	29	570	0.9589	
31	30	756	0.9222	
31	31	243	0.9929	
31	32	197	0.9886	
31	33	790	0.9374	
31	34	869	0.9108	
31	35	612	0.907	
31	36	549	0.8775	
31	37	711	0.8247	
31	38	729	0.941	
31	39	491	0.9082	
31	40	485	0.9619	
31	41	781	0.9017	
31	42	700	0.8991	
31	43	460	0.8508	
31	44	710	0.8864	
31	45	488	0.837	
31	46	580	0.8033	
31	47	997	0.8668	
31	48	1065	0.9081	
32	1	1253	0.9053	
32	2	1088	0.9152	
32	3	404	0.8941	
32	4	451	0.9272	
32	5	1048	0.9148	
32	6	925	0.8985	
32	7	962	0.921	
32	8	993	0.941	
32	9	674	0.9335	
32	10	470	0.8693	
32	11	1067	0.889	
32	12	923	0.8622	
32	13	886	0.9386	
32	14	1023	0.9055	
32	15	1102	0.889	
32	16	1136	0.9079	
32	17	342	0.8935	
32	18	794	0.9421	
32	19	1137	0.9086	
32	20	1090	0.9118	
32	21	467	0.6958	
32	22	93	0.9556	
32	23	494	0.9714	
32	24	501	0.9009	
32	25	708	0.936	
32	26	582	0.5344	C
32	27	912	0.9316	
32	28	980	0.9479	
32	29	889	0.9418	
32	30	933	0.8932	
32	31	308	0.9129	
32	32	347	0.9065	
32	33	1008	0.8513	
32	34	1123	0.3737	C
32	35	760	0.6833	
32	36	902	0.9174	
32	37	1091	0.8605	
32	38	1017	0.8473	
32	39	426	0.8206	
32	40	613	0.6189	
32	41	1175	0.4811	C
32	42	1142	0.4628	C
32	43	1200	0.6654	
32	44	1026	0.8213	
32	45	1000	0.9381	
32	46	1052	0.6813	S
32	47	1030	0.7652	
32	48	1112	0.8852	
