# gitter v1.0.3 data file generated on Wed Feb 25 11:19:13 2015
# Warning possible misgridding: high count of small colony sizes
# Flags: S - Colony spill or edge interference, C - Low colony circularity
# row	col	size	circularity	flags
1	1	911	0.9073	
1	2	1037	0.9052	
1	3	1001	0.939	
1	4	968	0.8952	
1	5	897	0.9606	
1	6	909	0.9385	
1	7	983	0.9411	
1	8	1099	0.9371	
1	9	1060	0.9126	
1	10	1049	0.8542	
1	11	1089	0.9286	
1	12	1117	0.9307	
1	13	1051	0.9085	
1	14	1069	0.8822	
1	15	1108	0.932	
1	16	1071	0.8923	
1	17	914	0.809	
1	18	1036	0.8834	
1	19	1135	0.9036	
1	20	1078	0.941	
1	21	955	0.905	
1	22	961	0.8977	
1	23	1127	0.9127	
1	24	1080	0.9209	
1	25	689	0.9108	
1	26	789	0.9008	
1	27	1110	0.9125	
1	28	1121	0.9251	
1	29	1197	0.8758	
1	30	1123	0.8742	
1	31	16	0.7954	
1	32	24	0.7309	
1	33	1077	0.9401	
1	34	882	0.9548	
1	35	481	0.9024	
1	36	499	0.9753	
1	37	43	1.0461	
1	38	45	0.99	
1	39	1054	0.9163	
1	40	1116	0.9388	
1	41	575	0.9544	
1	42	32	0.9057	
1	43	1180	0.9102	
1	44	1113	0.9028	
1	45	1171	0.9165	
1	46	896	0.8794	
1	47	964	0.879	
1	48	380	0.739	S
2	1	937	0.879	
2	2	687	0.9515	
2	3	854	0.9493	
2	4	745	0.9457	
2	5	758	0.9509	
2	6	669	0.8996	
2	7	761	0.9283	
2	8	715	0.8722	
2	9	792	0.8481	
2	10	651	0.9016	
2	11	722	0.9058	
2	12	616	0.9296	
2	13	686	0.8855	
2	14	642	0.9277	
2	15	729	0.9146	
2	16	696	0.8984	
2	17	629	0.9492	
2	18	865	0.9364	
2	19	780	0.9361	
2	20	847	0.9169	
2	21	563	0.8881	
2	22	916	0.9457	
2	23	915	0.8942	
2	24	952	0.8931	
2	25	549	0.9416	
2	26	442	0.9143	
2	27	921	0.9229	
2	28	810	0.8505	
2	29	983	0.9091	
2	30	817	0.9433	
2	31	17	0.5395	C
2	32	22	0.5272	C
2	33	994	0.8476	
2	34	756	0.9484	
2	35	413	0.914	
2	36	270	0.9231	S
2	37	14	0.6812	
2	38	21	1.2577	
2	39	1050	0.9347	
2	40	677	0.9215	
2	41	80	0.9731	
2	42	3	3.2341	
2	43	446	0.951	
2	44	869	0.9264	
2	45	777	0.9176	
2	46	715	0.9452	
2	47	870	0.9078	
2	48	1049	0.874	
3	1	938	0.9582	
3	2	824	0.892	
3	3	549	0.9236	
3	4	534	0.8984	
3	5	732	0.8929	
3	6	559	0.9533	
3	7	465	0.9279	
3	8	372	0.8828	
3	9	511	0.9188	
3	10	509	0.9206	
3	11	403	0.9263	
3	12	473	0.9521	
3	13	429	0.9147	
3	14	577	0.8551	
3	15	555	0.9465	
3	16	617	0.9144	
3	17	678	0.8506	
3	18	672	0.853	
3	19	356	0.9692	
3	20	401	0.8874	
3	21	98	0.7775	
3	22	213	0.9576	
3	23	767	0.866	
3	24	781	0.9162	
3	25	807	0.9467	
3	26	828	0.8548	
3	27	696	0.9201	
3	28	781	0.9267	
3	29	397	0.8729	
3	30	469	0.944	
3	31	897	0.8465	
3	32	956	0.906	
3	33	9	0.6064	
3	34	5	0.7355	
3	35	957	0.9392	
3	36	952	0.8984	
3	37	1010	0.9118	
3	38	774	0.9245	
3	39	878	0.8837	
3	40	776	0.8722	
3	41	617	0.9261	
3	42	721	0.9531	
3	43	275	0.9049	S
3	44	219	0.8407	S
3	45	0	NA	
3	46	780	0.9515	
3	47	1071	0.8369	
3	48	1132	0.8731	
4	1	943	0.9352	
4	2	730	0.9203	
4	3	553	0.9616	
4	4	543	0.8727	
4	5	675	0.9235	
4	6	601	0.9532	
4	7	495	0.9027	
4	8	402	0.8442	
4	9	533	0.9584	
4	10	374	0.8462	
4	11	419	0.8346	
4	12	441	0.8709	
4	13	559	0.9278	
4	14	557	0.9685	
4	15	579	0.9305	
4	16	577	0.9707	
4	17	626	0.9046	
4	18	556	0.8852	
4	19	351	0.9234	
4	20	399	0.8379	
4	21	24	0.4932	C
4	22	67	0.8455	
4	23	871	0.8601	
4	24	571	0.9126	
4	25	661	0.9155	
4	26	641	0.9673	
4	27	750	0.9001	
4	28	646	0.9219	
4	29	316	0.9787	
4	30	321	0.9942	
4	31	904	0.9194	
4	32	827	0.8817	
4	33	8	0.8202	
4	34	10	0.9248	
4	35	705	0.8993	
4	36	757	0.9234	
4	37	576	0.9381	
4	38	593	0.9065	
4	39	464	0.9069	
4	40	631	0.8695	
4	41	769	0.878	
4	42	718	0.9268	
4	43	305	0.908	S
4	44	269	0.8851	S
4	45	732	0.8827	
4	46	701	0.9202	
4	47	745	0.9457	
4	48	1188	0.908	
5	1	9	0.5712	C
5	2	6	0.5549	C
5	3	833	0.9217	
5	4	761	0.9177	
5	5	362	0.9687	
5	6	117	0.8759	
5	7	0	NA	
5	8	1	Inf	
5	9	503	0.8382	
5	10	484	0.8703	
5	11	518	0.8764	
5	12	604	0.9404	
5	13	500	0.8866	
5	14	488	0.9265	
5	15	471	0.9166	
5	16	580	0.9079	
5	17	557	0.8786	
5	18	642	0.9395	
5	19	481	0.9078	
5	20	321	0.9114	
5	21	559	0.8866	
5	22	518	0.9502	
5	23	581	0.9515	
5	24	641	0.938	
5	25	524	0.9238	
5	26	550	0.9129	
5	27	506	0.8629	
5	28	455	0.9354	
5	29	766	0.9453	
5	30	753	0.8792	
5	31	734	0.9428	
5	32	735	0.8431	
5	33	543	0.9187	
5	34	491	0.9267	
5	35	594	0.8227	
5	36	591	0.7908	
5	37	635	0.9292	
5	38	125	1.0343	
5	39	797	0.9306	
5	40	653	0.853	
5	41	468	0.9147	
5	42	627	0.9548	
5	43	0	NA	
5	44	0	NA	
5	45	0	NA	
5	46	487	0.8955	
5	47	658	0.8848	
5	48	1130	0.9116	
6	1	12	0.8826	
6	2	4	1.4797	
6	3	783	0.9247	
6	4	653	0.9156	
6	5	130	0.8847	
6	6	97	0.9775	
6	7	3	3.2341	
6	8	2	25.1327	
6	9	477	0.8699	
6	10	535	0.888	
6	11	627	0.8869	
6	12	525	0.9181	
6	13	546	0.866	
6	14	593	0.8569	
6	15	611	0.9151	
6	16	570	0.9161	
6	17	657	0.8552	
6	18	539	0.8662	
6	19	351	0.9234	
6	20	358	0.9816	
6	21	495	0.9027	
6	22	481	0.8897	
6	23	527	0.8866	
6	24	626	0.8841	
6	25	603	0.9099	
6	26	665	0.9609	
6	27	399	0.9257	
6	28	364	0.9909	
6	29	758	0.9622	
6	30	733	0.8839	
6	31	691	0.9292	
6	32	711	0.8644	
6	33	424	0.9041	
6	34	579	0.943	
6	35	606	0.8757	
6	36	750	0.8799	
6	37	589	0.917	
6	38	83	0.8139	
6	39	724	0.919	
6	40	773	0.9068	
6	41	680	0.8795	
6	42	523	0.9094	
6	43	1	Inf	
6	44	0	NA	
6	45	735	0.8863	
6	46	676	0.8342	
6	47	735	0.8863	
6	48	1083	0.911	
7	1	1025	0.8861	
7	2	847	0.8838	
7	3	727	0.8868	
7	4	530	0.8967	
7	5	696	0.9474	
7	6	670	0.9279	
7	7	714	0.9216	
7	8	716	0.8734	
7	9	2	25.1327	
7	10	3	3.2341	
7	11	570	0.904	
7	12	507	0.8303	
7	13	648	0.891	
7	14	515	0.972	
7	15	4	1.078	
7	16	4	1.078	
7	17	708	0.9294	
7	18	689	0.9154	
7	19	696	0.8984	
7	20	710	0.9386	
7	21	726	0.8755	
7	22	729	0.872	
7	23	655	0.8916	
7	24	612	0.9405	
7	25	644	0.9258	
7	26	664	0.931	
7	27	378	0.8631	
7	28	293	0.8639	
7	29	580	0.9199	
7	30	454	0.7894	
7	31	670	0.9055	
7	32	636	0.8918	
7	33	612	0.8581	
7	34	701	0.8651	
7	35	759	0.9196	
7	36	785	0.9166	
7	37	507	0.899	
7	38	318	0.8872	
7	39	555	0.8164	
7	40	592	0.882	
7	41	651	0.9699	
7	42	748	0.9124	
7	43	249	0.875	S
7	44	392	0.9741	
7	45	737	0.8606	
7	46	648	0.9364	
7	47	772	0.9057	
7	48	1001	0.8261	
8	1	926	0.9088	
8	2	772	0.9309	
8	3	423	0.8963	
8	4	557	0.9499	
8	5	618	0.9497	
8	6	586	0.8046	
8	7	636	0.9475	
8	8	708	0.9139	
8	9	2	25.1327	
8	10	3	3.2341	
8	11	610	0.9324	
8	12	475	0.8307	
8	13	669	0.9265	
8	14	683	0.9074	
8	15	4	1.4797	
8	16	5	0.7355	
8	17	671	0.8459	
8	18	713	0.936	
8	19	615	0.7715	
8	20	727	0.9165	
8	21	652	0.9541	
8	22	700	0.8782	
8	23	683	0.8816	
8	24	657	0.9494	
8	25	610	0.9324	
8	26	625	0.9605	
8	27	247	0.878	
8	28	234	0.9562	
8	29	624	0.9179	
8	30	703	0.8286	
8	31	696	0.9522	
8	32	630	0.9267	
8	33	697	0.8309	
8	34	693	0.9052	
8	35	597	0.9175	
8	36	698	0.9054	
8	37	372	0.9787	
8	38	371	0.9531	
8	39	715	0.8823	
8	40	658	0.9508	
8	41	650	0.7712	
8	42	729	0.9364	
8	43	260	0.8789	S
8	44	327	0.9869	
8	45	714	0.8811	
8	46	724	0.8689	
8	47	1008	0.901	
8	48	1028	0.6525	
9	1	974	0.9099	
9	2	751	0.881	
9	3	730	0.9583	
9	4	707	0.9346	
9	5	610	0.9205	
9	6	700	0.9144	
9	7	464	0.8757	
9	8	508	0.8513	
9	9	706	0.8857	
9	10	659	0.8755	
9	11	593	0.9405	
9	12	604	0.9046	
9	13	664	0.8631	
9	14	650	0.9002	
9	15	596	0.9209	
9	16	537	0.8794	
9	17	723	0.8619	
9	18	636	0.9076	
9	19	7	0.3873	C
9	20	6	0.5549	C
9	21	5	0.7355	
9	22	8	0.3892	C
9	23	648	0.8464	
9	24	648	0.9532	
9	25	620	0.9006	
9	26	795	0.9222	
9	27	412	0.8652	
9	28	298	0.8676	
9	29	634	0.8935	
9	30	640	0.9535	
9	31	427	0.9245	
9	32	273	0.8092	
9	33	620	0.9321	
9	34	707	0.8267	
9	35	668	0.9653	
9	36	714	0.854	
9	37	736	0.8948	
9	38	556	0.9354	
9	39	623	0.8844	
9	40	582	0.9353	
9	41	410	0.9362	
9	42	375	0.9633	
9	43	654	0.8795	
9	44	480	0.9191	
9	45	321	0.9514	
9	46	182	1.0156	
9	47	815	0.9262	
9	48	827	0.9338	
10	1	1032	0.9134	
10	2	753	0.9185	
10	3	725	0.947	
10	4	751	0.9161	
10	5	704	0.8489	
10	6	652	0.9421	
10	7	487	0.9325	
10	8	462	0.903	
10	9	685	0.9324	
10	10	703	0.8717	
10	11	642	0.8891	
10	12	672	0.9422	
10	13	688	0.9186	
10	14	633	0.9195	
10	15	619	0.9341	
10	16	534	0.9158	
10	17	591	0.9498	
10	18	805	0.9006	
10	19	10	0.411	C
10	20	194	1.031	
10	21	8	0.6899	
10	22	11	0.387	C
10	23	664	0.9475	
10	24	559	0.9352	
10	25	744	0.887	
10	26	612	0.8733	
10	27	295	0.9087	
10	28	319	0.89	
10	29	647	0.8451	
10	30	625	0.8375	
10	31	488	0.8989	
10	32	281	0.8481	
10	33	697	0.9373	
10	34	722	0.921	
10	35	634	0.8599	
10	36	726	0.9483	
10	37	636	0.9238	
10	38	627	0.906	
10	39	635	0.9292	
10	40	556	0.9482	
10	41	350	0.8638	
10	42	340	0.9486	
10	43	633	0.9147	
10	44	663	0.9412	
10	45	238	0.8804	
10	46	367	0.9363	
10	47	861	0.9121	
10	48	906	0.9255	
11	1	467	0.94	
11	2	401	0.8874	
11	3	4	1.4797	
11	4	6	0.5549	C
11	5	132	1.0171	
11	6	160	0.9248	
11	7	677	0.8887	
11	8	589	0.917	
11	9	220	0.899	
11	10	227	0.9276	
11	11	729	0.8749	
11	12	694	0.9332	
11	13	518	0.9314	
11	14	473	0.958	
11	15	694	0.9494	
11	16	713	0.9051	
11	17	687	0.9515	
11	18	684	0.9198	
11	19	747	0.9371	
11	20	742	0.8158	
11	21	802	0.8682	
11	22	755	0.8816	
11	23	708	0.8882	
11	24	729	0.9146	
11	25	585	0.9527	
11	26	618	0.9207	
11	27	698	0.7943	
11	28	658	0.9679	
11	29	710	0.8171	
11	30	687	0.9633	
11	31	635	0.8687	
11	32	659	0.8755	
11	33	335	0.9826	
11	34	408	0.9484	
11	35	648	0.9086	
11	36	810	0.9502	
11	37	128	1.0155	
11	38	182	0.9133	
11	39	696	0.9359	
11	40	648	0.9247	
11	41	680	0.8989	
11	42	691	0.9026	
11	43	571	0.9425	
11	44	577	0.9273	
11	45	488	0.837	
11	46	508	0.9785	
11	47	1044	0.9113	
11	48	1202	0.948	
12	1	259	0.9207	S
12	2	375	0.9474	
12	3	5	0.9248	
12	4	6	1.2861	
12	5	143	0.9889	
12	6	219	0.9423	
12	7	541	0.8423	
12	8	399	0.8254	
12	9	281	0.953	
12	10	214	0.8932	
12	11	756	0.9222	
12	12	701	0.8764	
12	13	540	0.9261	
12	14	452	0.9154	
12	15	687	0.8619	
12	16	654	0.9058	
12	17	701	0.9048	
12	18	712	0.8221	
12	19	810	0.7438	
12	20	767	0.9312	
12	21	690	0.8863	
12	22	739	0.9492	
12	23	698	0.8112	
12	24	725	0.8096	
12	25	646	0.9624	
12	26	569	0.9392	
12	27	607	0.8511	
12	28	711	0.9446	
12	29	716	0.9513	
12	30	590	0.8711	
12	31	672	0.7647	
12	32	791	0.5751	C
12	33	317	0.8736	
12	34	332	0.9427	
12	35	830	0.8957	
12	36	762	0.956	
12	37	185	0.8136	
12	38	238	0.9934	
12	39	632	0.9713	
12	40	819	0.9456	
12	41	793	0.5751	C
12	42	710	0.9229	
12	43	554	0.9195	
12	44	521	0.9501	
12	45	591	0.9083	
12	46	477	0.9267	
12	47	831	0.9095	
12	48	1184	0.8933	
13	1	814	0.9233	
13	2	758	0.8752	
13	3	664	0.9196	
13	4	663	0.9461	
13	5	546	0.9237	
13	6	446	0.9033	
13	7	592	0.9338	
13	8	596	0.9042	
13	9	496	0.9554	
13	10	455	0.9702	
13	11	631	0.9401	
13	12	599	0.9627	
13	13	699	0.9515	
13	14	685	0.8523	
13	15	607	0.8882	
13	16	533	0.9397	
13	17	605	0.9248	
13	18	659	0.7757	
13	19	269	0.6312	
13	20	295	0.8315	
13	21	477	0.7799	
13	22	499	0.8348	
13	23	643	0.7844	
13	24	625	0.8656	
13	25	24	0.7309	
13	26	46	0.5869	C
13	27	657	0.926	
13	28	624	0.9715	
13	29	468	0.9621	
13	30	477	0.841	
13	31	591	0.9625	
13	32	569	0.9573	
13	33	417	0.9228	
13	34	411	0.5814	C
13	35	710	0.7831	
13	36	663	0.907	
13	37	14	1.0297	
13	38	17	0.9405	
13	39	836	0.7298	
13	40	697	0.8847	
13	41	420	0.9295	
13	42	413	0.914	
13	43	456	0.9044	
13	44	263	0.9536	
13	45	806	0.8918	
13	46	735	0.9487	
13	47	748	0.8917	
13	48	1009	0.9331	
14	1	843	0.8835	
14	2	468	0.942	
14	3	644	0.8766	
14	4	603	0.9388	
14	5	473	0.9245	
14	6	548	0.8532	
14	7	614	0.8762	
14	8	572	0.9316	
14	9	414	0.9367	
14	10	348	0.9474	
14	11	602	0.9133	
14	12	626	0.916	
14	13	730	0.8965	
14	14	657	0.8879	
14	15	582	0.7922	
14	16	598	0.9611	
14	17	608	0.7998	
14	18	733	0.8531	
14	19	188	0.4995	C
14	20	377	0.751	
14	21	650	0.76	
14	22	504	0.7414	
14	23	614	0.9066	
14	24	701	0.8692	
14	25	26	0.8251	
14	26	24	0.6639	
14	27	620	0.9356	
14	28	575	0.9544	
14	29	519	0.9024	
14	30	552	0.7684	
14	31	604	0.9115	
14	32	690	0.9556	
14	33	414	0.8964	
14	34	397	0.9065	
14	35	741	0.9144	
14	36	631	0.9282	
14	37	21	1.0765	
14	38	19	0.5256	C
14	39	625	0.8625	
14	40	610	0.9254	
14	41	464	0.948	
14	42	355	0.912	
14	43	481	0.8897	
14	44	392	0.8619	
14	45	776	0.886	
14	46	822	0.8449	
14	47	765	0.9077	
14	48	1014	0.8938	
15	1	917	0.9133	
15	2	686	0.8708	
15	3	660	0.9207	
15	4	616	0.9416	
15	5	561	0.9311	
15	6	648	0.9482	
15	7	386	0.9752	
15	8	367	0.8911	
15	9	741	0.9188	
15	10	794	0.9065	
15	11	697	0.9214	
15	12	612	0.907	
15	13	629	0.8315	
15	14	641	0.91	
15	15	421	0.5408	C
15	16	351	0.689	
15	17	580	0.7075	
15	18	549	0.9363	
15	19	438	0.586	C
15	20	439	0.62	
15	21	467	0.5716	C
15	22	553	0.9671	
15	23	661	0.9043	
15	24	549	0.9062	
15	25	553	0.9303	
15	26	670	0.7923	
15	27	583	0.9495	
15	28	565	0.8637	
15	29	533	0.972	
15	30	592	0.9514	
15	31	566	0.9522	
15	32	669	0.9332	
15	33	620	0.9073	
15	34	686	0.8708	
15	35	498	0.9081	
15	36	699	0.94	
15	37	559	0.9457	
15	38	645	0.9044	
15	39	771	0.9514	
15	40	759	0.9412	
15	41	21	0.695	
15	42	11	0.3491	C
15	43	14	0.8385	
15	44	9	0.6064	
15	45	677	0.895	
15	46	579	0.9183	
15	47	813	0.9239	
15	48	1103	0.9278	
16	1	910	0.9395	
16	2	754	0.9571	
16	3	594	0.9546	
16	4	708	0.9139	
16	5	449	0.8776	
16	6	554	0.9448	
16	7	376	0.8781	
16	8	320	0.9086	
16	9	759	0.8904	
16	10	610	0.9088	
16	11	651	0.9016	
16	12	570	0.9643	
16	13	645	0.8325	
16	14	708	0.8943	
16	15	401	0.8193	
16	16	483	0.9248	
16	17	643	0.7015	
16	18	569	0.9573	
16	19	438	0.6319	
16	20	410	0.8062	
16	21	558	0.8497	
16	22	415	0.9184	
16	23	629	0.9253	
16	24	570	0.8447	
16	25	570	0.9461	
16	26	636	0.9307	
16	27	603	0.9099	
16	28	544	0.9646	
16	29	597	0.8894	
16	30	557	0.9553	
16	31	606	0.9384	
16	32	655	0.9585	
16	33	687	0.9082	
16	34	737	0.9095	
16	35	604	0.8951	
16	36	547	0.9202	
16	37	639	0.9234	
16	38	547	0.9381	
16	39	641	0.955	
16	40	758	0.9141	
16	41	17	0.7331	
16	42	18	0.9227	
16	43	15	0.8038	
16	44	9	0.4716	C
16	45	522	0.9519	
16	46	734	0.9208	
16	47	842	0.9115	
16	48	965	0.9374	
17	1	288	0.8824	S
17	2	132	0.9882	
17	3	118	0.873	
17	4	203	0.9009	
17	5	5	0.7355	
17	6	8	0.7398	
17	7	659	0.897	
17	8	607	0.9328	
17	9	10	0.9248	
17	10	9	0.6219	
17	11	785	0.9358	
17	12	727	0.7105	
17	13	8	0.6899	
17	14	14	0.4716	C
17	15	13	1.048	
17	16	363	0.8672	
17	17	358	0.958	
17	18	365	0.9221	
17	19	679	0.7032	
17	20	647	0.9349	
17	21	639	0.9072	
17	22	719	0.8989	
17	23	622	0.915	
17	24	593	0.9065	
17	25	621	0.9054	
17	26	617	0.8916	
17	27	684	0.9473	
17	28	704	0.8832	
17	29	578	0.9117	
17	30	482	0.9502	
17	31	406	0.8657	
17	32	497	0.8937	
17	33	236	0.917	
17	34	367	0.9272	
17	35	20	0.9248	
17	36	24	0.6152	
17	37	506	0.9282	
17	38	563	0.9169	
17	39	55	0.7607	
17	40	67	0.8455	
17	41	837	0.9556	
17	42	815	0.9202	
17	43	708	0.936	
17	44	768	0.81	
17	45	804	0.9432	
17	46	726	0.8755	
17	47	635	0.9411	
17	48	917	0.9229	
18	1	156	0.9248	
18	2	196	0.9932	
18	3	172	0.9141	
18	4	106	0.9323	
18	5	7	0.9433	
18	6	7	0.3873	C
18	7	567	0.8944	
18	8	575	0.912	
18	9	9	0.4716	C
18	10	7	0.4443	C
18	11	733	0.9415	
18	12	644	0.9258	
18	13	6	0.5549	C
18	14	7	0.9433	
18	15	163	0.9189	
18	16	381	0.9787	
18	17	358	0.9746	
18	18	389	0.9601	
18	19	736	0.8537	
18	20	730	0.9423	
18	21	639	0.9234	
18	22	648	0.9199	
18	23	668	0.9139	
18	24	631	0.8383	
18	25	656	0.9085	
18	26	673	0.8443	
18	27	721	0.9418	
18	28	667	0.9125	
18	29	517	0.9296	
18	30	549	0.8392	
18	31	306	0.9912	
18	32	317	0.9567	
18	33	392	0.7988	
18	34	469	0.944	
18	35	25	0.6916	
18	36	25	0.9805	
18	37	567	0.6973	
18	38	671	0.9408	
18	39	22	0.8091	
18	40	24	0.8085	
18	41	802	0.8857	
18	42	754	0.8746	
18	43	747	0.8763	
18	44	517	0.9167	
18	45	776	0.9466	
18	46	884	0.8151	
18	47	727	0.8394	
18	48	775	0.821	
19	1	768	0.8968	
19	2	528	0.9494	
19	3	566	0.9522	
19	4	700	0.9366	
19	5	475	0.934	
19	6	494	0.9191	
19	7	702	0.944	
19	8	621	0.9252	
19	9	715	0.9499	
19	10	802	0.9157	
19	11	626	0.9497	
19	12	593	0.9658	
19	13	675	0.9235	
19	14	739	0.9492	
19	15	620	0.8693	
19	16	644	0.9076	
19	17	631	0.9118	
19	18	652	0.8768	
19	19	705	0.91	
19	20	652	0.903	
19	21	462	0.9702	
19	22	452	0.8655	
19	23	549	0.9112	
19	24	696	0.9247	
19	25	98	0.9741	
19	26	111	0.9071	
19	27	709	0.9216	
19	28	679	0.9521	
19	29	494	0.9323	
19	30	565	0.9326	
19	31	625	0.9194	
19	32	607	0.916	
19	33	537	0.921	
19	34	577	0.9273	
19	35	741	0.9565	
19	36	800	0.9537	
19	37	639	0.9072	
19	38	683	0.9459	
19	39	645	0.9488	
19	40	814	0.9398	
19	41	361	0.9274	
19	42	314	0.9142	
19	43	23	0.9271	
19	44	9	0.6064	
19	45	546	0.9113	
19	46	496	0.9694	
19	47	918	0.9478	
19	48	998	0.91	
20	1	848	0.9426	
20	2	600	0.9516	
20	3	639	0.9234	
20	4	606	0.9028	
20	5	453	0.9659	
20	6	531	0.9683	
20	7	562	0.9455	
20	8	472	0.9225	
20	9	667	0.9191	
20	10	709	0.9373	
20	11	669	0.938	
20	12	565	0.908	
20	13	739	0.8437	
20	14	714	0.9063	
20	15	607	0.8662	
20	16	592	0.9098	
20	17	606	0.9194	
20	18	513	0.9224	
20	19	685	0.8356	
20	20	737	0.9355	
20	21	449	0.9721	
20	22	418	0.9396	
20	23	681	0.927	
20	24	668	0.9532	
20	25	47	0.7037	
20	26	99	1.0672	
20	27	731	0.8815	
20	28	699	0.94	
20	29	576	0.9257	
20	30	563	0.9293	
20	31	701	0.9004	
20	32	658	0.9679	
20	33	699	0.9131	
20	34	655	0.9585	
20	35	762	0.956	
20	36	772	0.9309	
20	37	715	0.9076	
20	38	753	0.9605	
20	39	706	0.9494	
20	40	674	0.9618	
20	41	317	0.9396	
20	42	304	0.9011	
20	43	17	1.0181	
20	44	20	0.822	
20	45	649	0.9547	
20	46	620	0.9528	
20	47	945	0.9412	
20	48	1124	0.8329	
21	1	833	0.9259	
21	2	754	0.9459	
21	3	775	0.9454	
21	4	598	0.9611	
21	5	586	0.9544	
21	6	712	0.9038	
21	7	11	0.5194	C
21	8	8	0.7398	
21	9	685	0.9056	
21	10	674	0.8804	
21	11	674	0.9174	
21	12	608	0.8786	
21	13	12	0.8826	
21	14	15	0.4149	C
21	15	788	0.8759	
21	16	723	0.9177	
21	17	563	0.9048	
21	18	658	0.9341	
21	19	139	0.8454	
21	20	34	0.6335	
21	21	676	0.8246	
21	22	708	0.8538	
21	23	606	0.9435	
21	24	593	0.953	
21	25	637	0.949	
21	26	605	0.9595	
21	27	508	0.9452	
21	28	583	0.9676	
21	29	373	0.9269	
21	30	259	0.9132	
21	31	619	0.9106	
21	32	606	0.9313	
21	33	435	0.9078	
21	34	337	0.9402	
21	35	677	0.9104	
21	36	670	0.8308	
21	37	239	0.9766	
21	38	332	0.984	
21	39	617	0.8059	
21	40	653	0.8429	
21	41	673	0.9436	
21	42	676	0.8874	
21	43	32	0.7398	
21	44	374	0.9608	
21	45	467	0.9262	
21	46	586	0.9597	
21	47	859	0.8608	
21	48	996	0.8575	
22	1	909	0.9385	
22	2	669	0.9332	
22	3	565	0.9505	
22	4	561	0.9311	
22	5	693	0.9598	
22	6	738	0.964	
22	7	9	0.5095	C
22	8	10	0.4865	C
22	9	671	0.9023	
22	10	543	0.8679	
22	11	682	0.9445	
22	12	675	0.9077	
22	13	19	0.7965	
22	14	24	0.5839	C
22	15	749	0.8787	
22	16	755	0.9104	
22	17	735	0.9487	
22	18	758	0.9141	
22	19	41	0.7212	
22	20	46	0.6027	
22	21	695	0.9123	
22	22	708	0.8987	
22	23	518	0.9638	
22	24	681	0.8895	
22	25	594	0.9129	
22	26	652	0.9304	
22	27	554	0.8005	
22	28	584	0.9212	
22	29	324	0.9852	
22	30	346	0.9259	
22	31	624	0.9017	
22	32	784	0.9197	
22	33	250	0.9248	
22	34	584	0.9693	
22	35	716	0.8878	
22	36	596	0.9578	
22	37	181	0.8874	
22	38	269	0.9951	
22	39	668	0.8875	
22	40	533	0.9321	
22	41	647	0.9072	
22	42	547	0.9029	
22	43	381	0.9314	
22	44	466	0.9108	
22	45	625	0.8405	
22	46	490	0.8811	
22	47	876	0.9044	
22	48	1083	0.8854	
23	1	927	0.8487	
23	2	703	0.9453	
23	3	292	0.872	
23	4	341	1.0107	
23	5	522	0.9076	
23	6	511	0.8885	
23	7	398	0.9233	
23	8	427	0.9105	
23	9	772	0.8717	
23	10	667	0.9238	
23	11	14	0.8385	
23	12	12	0.5839	C
23	13	790	0.8978	
23	14	627	0.8947	
23	15	550	0.918	
23	16	553	0.8771	
23	17	151	0.8025	
23	18	121	0.7926	
23	19	489	0.9558	
23	20	531	0.8883	
23	21	622	0.5392	C
23	22	588	0.7654	
23	23	411	0.9598	
23	24	438	0.9198	
23	25	586	0.9726	
23	26	648	0.9482	
23	27	641	0.95	
23	28	672	0.959	
23	29	602	0.9675	
23	30	656	0.9479	
23	31	659	0.9127	
23	32	693	0.8945	
23	33	409	0.9401	
23	34	610	0.9497	
23	35	269	0.9302	
23	36	561	0.9311	
23	37	562	0.8865	
23	38	720	0.8885	
23	39	25	0.7934	
23	40	25	0.9805	
23	41	415	0.8715	
23	42	448	0.9762	
23	43	656	0.9198	
23	44	633	0.8767	
23	45	743	0.8816	
23	46	629	0.9023	
23	47	236	0.8321	
23	48	40	0.7355	
24	1	873	0.9069	
24	2	761	0.903	
24	3	355	0.8969	
24	4	425	0.9553	
24	5	506	0.9227	
24	6	521	0.8765	
24	7	389	0.9084	
24	8	315	0.9337	
24	9	705	0.91	
24	10	660	0.9141	
24	11	11	0.6981	
24	12	25	0.8422	
24	13	708	0.9248	
24	14	690	0.9725	
24	15	606	0.6833	
24	16	579	0.8626	
24	17	134	0.8778	
24	18	147	0.9892	
24	19	575	0.8904	
24	20	472	0.8607	
24	21	555	0.842	
24	22	491	0.9458	
24	23	370	0.9348	
24	24	488	0.9026	
24	25	575	0.887	
24	26	595	0.9264	
24	27	619	0.9513	
24	28	676	0.9479	
24	29	573	0.9209	
24	30	549	0.9546	
24	31	672	0.959	
24	32	678	0.8709	
24	33	427	0.9304	
24	34	317	0.9229	
24	35	204	1.0002	
24	36	164	1.0191	
24	37	610	0.9675	
24	38	706	0.9113	
24	39	29	0.777	
24	40	24	1.3278	
24	41	527	0.9216	
24	42	646	0.9335	
24	43	623	0.8735	
24	44	530	0.8748	
24	45	627	0.9636	
24	46	703	0.9293	
24	47	27	0.8568	
24	48	204	0.761	
25	1	694	0.922	
25	2	597	0.9594	
25	3	513	0.9488	
25	4	498	0.9535	
25	5	8	0.3288	C
25	6	6	0.4707	C
25	7	438	0.9693	
25	8	526	0.9273	
25	9	652	0.8875	
25	10	631	0.8739	
25	11	711	0.9177	
25	12	700	0.9577	
25	13	322	0.8766	
25	14	380	0.9227	
25	15	709	0.8186	
25	16	674	0.9174	
25	17	752	0.4327	C
25	18	717	0.7562	
25	19	597	0.8736	
25	20	549	0.9236	
25	21	609	0.919	
25	22	662	0.8902	
25	23	537	0.9337	
25	24	555	0.9039	
25	25	606	0.9194	
25	26	588	0.8826	
25	27	580	0.8752	
25	28	630	0.8725	
25	29	472	0.9225	
25	30	534	0.9602	
25	31	570	0.8647	
25	32	562	0.9153	
25	33	39	0.5249	C
25	34	37	0.4387	C
25	35	750	0.9105	
25	36	749	0.9137	
25	37	674	0.9618	
25	38	705	0.8742	
25	39	686	0.875	
25	40	693	0.9207	
25	41	19	0.8786	
25	42	14	1.0297	
25	43	673	0.905	
25	44	651	0.8798	
25	45	656	0.8777	
25	46	635	0.8687	
25	47	889	0.9276	
25	48	748	0.9063	
26	1	886	0.8879	
26	2	659	0.9404	
26	3	478	0.9481	
26	4	588	0.945	
26	5	7	0.5491	C
26	6	6	1.2861	
26	7	478	0.9481	
26	8	365	0.9221	
26	9	613	0.8703	
26	10	706	0.9068	
26	11	656	0.9479	
26	12	693	0.8945	
26	13	311	0.9887	
26	14	153	0.9507	
26	15	717	0.8507	
26	16	716	0.8734	
26	17	732	0.9077	
26	18	767	0.8592	
26	19	569	0.9144	
26	20	544	0.9152	
26	21	639	0.849	
26	22	607	0.9043	
26	23	584	0.9142	
26	24	584	0.9386	
26	25	554	0.9195	
26	26	602	0.9373	
26	27	631	0.9118	
26	28	669	0.8534	
26	29	579	0.8626	
26	30	529	0.8502	
26	31	669	0.938	
26	32	653	0.8572	
26	33	37	0.6426	
26	34	43	0.5098	C
26	35	798	0.9111	
26	36	740	0.9027	
26	37	599	0.9205	
26	38	625	0.855	
26	39	629	0.9137	
26	40	647	0.9517	
26	41	22	0.8629	
26	42	17	1.1454	
26	43	778	0.9025	
26	44	687	0.8868	
26	45	636	0.9123	
26	46	662	0.9057	
26	47	841	0.8683	
26	48	1214	0.8962	
27	1	735	0.9221	
27	2	548	0.9529	
27	3	550	0.9563	
27	4	519	0.8901	
27	5	665	0.921	
27	6	615	0.9163	
27	7	497	0.9247	
27	8	664	0.9196	
27	9	676	0.8623	
27	10	638	0.9219	
27	11	326	0.8724	
27	12	325	0.9633	
27	13	794	0.4838	C
27	14	724	0.9457	
27	15	24	0.7187	
27	16	20	0.5754	C
27	17	752	0.3801	C
27	18	655	0.815	
27	19	663	0.751	
27	20	634	0.8323	
27	21	582	0.875	
27	22	607	0.8407	
27	23	513	0.9096	
27	24	564	0.9488	
27	25	540	0.8843	
27	26	621	0.9371	
27	27	559	0.9154	
27	28	604	0.8999	
27	29	41	0.6785	
27	30	32	0.4991	C
27	31	550	0.9433	
27	32	572	0.8906	
27	33	688	0.8776	
27	34	619	0.9106	
27	35	428	0.9837	
27	36	391	0.9131	
27	37	495	0.8607	
27	38	448	0.9762	
27	39	618	0.9497	
27	40	632	0.918	
27	41	531	0.974	
27	42	524	0.8865	
27	43	310	0.9674	S
27	44	397	0.8427	
27	45	8	0.7398	
27	46	17	0.8451	
27	47	711	0.9132	
27	48	994	0.8885	
28	1	776	0.9121	
28	2	629	0.9089	
28	3	460	0.966	
28	4	339	0.9625	
28	5	735	0.907	
28	6	549	0.9546	
28	7	731	0.9171	
28	8	642	0.8891	
28	9	607	0.9043	
28	10	648	0.9532	
28	11	461	0.983	
28	12	243	0.9172	
28	13	806	0.9456	
28	14	812	0.9526	
28	15	23	0.7612	
28	16	25	0.4658	C
28	17	758	0.9246	
28	18	652	0.9591	
28	19	708	0.9094	
28	20	695	0.946	
28	21	594	0.7892	
28	22	674	0.741	
28	23	605	0.871	
28	24	581	0.6194	
28	25	694	0.0891	C
28	26	629	0.8976	
28	27	578	0.9413	
28	28	595	0.9214	
28	29	37	0.6715	
28	30	42	0.3776	C
28	31	671	0.8517	
28	32	630	0.9103	
28	33	594	0.9129	
28	34	728	0.9133	
28	35	393	0.9178	
28	36	588	0.9204	
28	37	479	0.9362	
28	38	543	0.8775	
28	39	491	0.9006	
28	40	697	0.9653	
28	41	393	0.9326	
28	42	253	0.9359	
28	43	345	0.8219	S
28	44	621	0.8908	
28	45	11	0.7411	
28	46	37	0.9695	
28	47	985	0.8929	
28	48	1007	0.9447	
29	1	650	0.8848	
29	2	643	0.958	
29	3	445	0.9148	
29	4	524	0.9556	
29	5	654	0.945	
29	6	632	0.756	
29	7	438	0.8949	
29	8	287	0.9924	
29	9	431	0.7846	
29	10	405	0.9458	
29	11	15	0.6936	
29	12	17	0.748	
29	13	25	1.078	
29	14	24	1.3278	
29	15	30	0.8984	
29	16	51	1.0002	
29	17	862	0.4338	C
29	18	773	0.9068	
29	19	40	0.88	
29	20	34	0.7861	
29	21	745	0.4808	C
29	22	730	0.4258	C
29	23	644	0.708	
29	24	639	0.6337	
29	25	647	0.7081	
29	26	673	0.9436	
29	27	568	0.8418	
29	28	559	0.5941	C
29	29	821	0.2535	C
29	30	723	0.907	
29	31	694	0.8883	
29	32	599	0.8924	
29	33	651	0.8072	
29	34	741	0.7348	
29	35	280	0.9954	
29	36	304	0.9848	
29	37	602	0.9133	
29	38	550	0.9433	
29	39	549	0.9416	
29	40	709	0.8938	
29	41	281	0.8545	
29	42	564	0.9361	
29	43	723	0.9332	
29	44	712	0.6988	
29	45	0	NA	
29	46	1027	0.918	
29	47	228	0.8267	S
29	48	833	0.91	
30	1	522	0.8902	
30	2	528	0.9629	
30	3	593	0.9113	
30	4	360	0.9033	
30	5	710	0.912	
30	6	635	0.946	
30	7	447	0.9189	
30	8	427	0.945	
30	9	549	0.931	
30	10	587	0.9382	
30	11	31	0.1458	C
30	12	29	0.183	C
30	13	38	0.1787	C
30	14	28	0.8056	
30	15	37	0.6593	
30	16	54	0.5683	C
30	17	976	0.8847	
30	18	894	0.8959	
30	19	40	0.7494	
30	20	68	0.3249	C
30	21	870	0.4824	C
30	22	781	0.4355	C
30	23	819	0.3798	C
30	24	876	0.3533	C
30	25	796	0.6295	
30	26	723	0.7488	
30	27	708	0.3754	C
30	28	649	0.5299	C
30	29	749	0.5979	C
30	30	770	0.6477	
30	31	531	0.8614	
30	32	611	0.7333	
30	33	842	0.8988	
30	34	781	0.5558	C
30	35	382	0.9126	
30	36	370	0.9803	
30	37	639	0.849	
30	38	487	0.9518	
30	39	640	0.9133	
30	40	560	0.8882	
30	41	727	0.9273	
30	42	682	0.9283	
30	43	874	0.9609	
30	44	875	0.8899	
30	45	949	0.9452	
30	46	1007	0.9091	
30	47	974	0.9008	
30	48	325	0.679	S
31	1	473	0.9381	
31	2	763	0.9053	
31	3	22	0.7601	
31	4	11	1.1278	
31	5	694	0.9286	
31	6	657	0.9494	
31	7	834	0.9373	
31	8	938	0.6157	
31	9	409	0.9339	
31	10	370	0.9284	
31	11	1087	0.6516	
31	12	966	0.5764	C
31	13	888	0.4608	C
31	14	937	0.5179	C
31	15	906	0.5853	C
31	16	877	0.6021	
31	17	258	0.9739	
31	18	239	0.8595	
31	19	842	0.4629	C
31	20	819	0.6607	
31	21	533	0.6154	
31	22	546	0.4234	C
31	23	960	0.3652	C
31	24	965	0.496	C
31	25	207	0.9392	
31	26	210	0.7994	
31	27	964	0.3852	C
31	28	882	0.4476	C
31	29	862	0.728	
31	30	837	0.4832	C
31	31	823	0.7184	
31	32	840	0.9484	
31	33	63	0.6119	
31	34	51	0.6436	
31	35	572	0.9316	
31	36	552	0.904	
31	37	793	0.8954	
31	38	774	0.8379	
31	39	795	0.9283	
31	40	877	0.8396	
31	41	59	0.7561	
31	42	44	0.7411	
31	43	613	0.8812	
31	44	622	0.8364	
31	45	315	0.8405	S
31	46	203	0.6754	S
31	47	145	0.5697	S,C
31	48	1101	0.8307	
32	1	752	0.9025	
32	2	640	0.9658	
32	3	27	0.7075	
32	4	32	0.8385	
32	5	944	0.8694	
32	6	838	0.9418	
32	7	1057	0.8807	
32	8	1133	0.9314	
32	9	512	0.9337	
32	10	702	0.8955	
32	11	1056	0.9439	
32	12	1169	0.9519	
32	13	1109	0.9152	
32	14	1064	0.9472	
32	15	1064	0.9379	
32	16	1079	0.9327	
32	17	289	0.9802	
32	18	262	0.9973	
32	19	964	0.956	
32	20	945	0.5252	C
32	21	608	0.9344	
32	22	345	0.946	
32	23	1213	0.9356	
32	24	1185	0.926	
32	25	271	0.9746	
32	26	244	0.7843	
32	27	1039	0.9513	
32	28	1007	0.9407	
32	29	1034	0.7098	
32	30	962	0.8949	
32	31	904	0.9433	
32	32	1143	0.9523	
32	33	103	0.9059	
32	34	86	0.6823	
32	35	767	0.9249	
32	36	611	0.6453	
32	37	1102	0.9344	
32	38	1124	0.9017	
32	39	1069	0.8354	
32	40	1226	0.8104	
32	41	97	0.6731	S
32	42	112	0.8315	
32	43	516	0.2961	S,C
32	44	678	0.7766	
32	45	817	0.871	
32	46	423	0.4319	S,C
32	47	405	0.6444	S
32	48	1296	0.7642	S
