# gitter v1.0.3 data file generated on Wed Feb 25 11:19:29 2015
# Warning possible misgridding: high count of small colony sizes
# Flags: S - Colony spill or edge interference, C - Low colony circularity
# row	col	size	circularity	flags
1	1	507	0.93	
1	2	554	0.9502	
1	3	1067	0.884	
1	4	1016	0.9082	
1	5	978	0.9045	
1	6	979	0.951	
1	7	1026	0.8869	
1	8	1082	0.9353	
1	9	960	0.9097	
1	10	1064	0.9379	
1	11	88	0.8547	
1	12	217	0.963	
1	13	744	0.949	
1	14	360	0.8885	
1	15	1216	0.9011	
1	16	1101	0.8684	
1	17	1111	0.9383	
1	18	1191	0.9187	
1	19	1023	0.823	
1	20	955	0.8921	
1	21	944	0.9501	
1	22	909	0.8527	
1	23	1044	0.8733	
1	24	1261	0.9178	
1	25	397	0.8596	
1	26	753	0.8162	
1	27	595	0.9144	
1	28	737	0.8905	
1	29	1157	0.8843	
1	30	980	0.9063	
1	31	818	0.7641	
1	32	1077	0.9236	
1	33	1127	0.9353	
1	34	1123	0.9145	
1	35	1142	0.9091	
1	36	1252	0.8177	
1	37	1134	0.9148	
1	38	1346	0.9354	
1	39	169	0.8892	
1	40	326	0.9839	
1	41	11	0.6981	
1	42	618	0.8073	
1	43	19	0.8786	
1	44	8	0.7398	
1	45	21	0.7256	
1	46	71	1.0631	
1	47	1038	0.8937	
1	48	1063	0.937	
2	1	560	0.8451	
2	2	416	0.9291	
2	3	1044	0.8698	
2	4	900	0.9391	
2	5	895	0.944	
2	6	932	0.9147	
2	7	987	0.8651	
2	8	1003	0.9409	
2	9	937	0.943	
2	10	1074	0.9375	
2	11	110	1.0442	
2	12	85	0.9972	
2	13	807	0.9028	
2	14	639	0.9072	
2	15	921	0.8665	
2	16	943	0.9491	
2	17	814	0.8773	
2	18	916	0.8235	
2	19	808	0.8394	
2	20	829	0.8307	
2	21	680	0.8821	
2	22	475	0.6674	
2	23	951	0.9143	
2	24	986	0.8489	
2	25	351	0.8563	
2	26	231	0.9243	
2	27	686	0.8167	
2	28	581	0.9337	
2	29	1162	0.7766	
2	30	832	0.9007	
2	31	789	0.9318	
2	32	1022	0.9009	
2	33	996	0.8955	
2	34	1077	0.8285	
2	35	727	0.9496	
2	36	888	0.9032	
2	37	891	0.81	
2	38	456	0.9044	
2	39	82	0.9974	
2	40	11	0.7411	
2	41	638	0.7485	
2	42	323	0.8856	
2	43	13	0.8759	
2	44	11	0.6981	
2	45	168	0.9471	S
2	46	78	0.9843	
2	47	1074	0.9375	
2	48	997	0.8703	
3	1	954	0.9041	
3	2	949	0.9124	
3	3	9	0.4474	C
3	4	122	0.94	
3	5	609	0.8958	
3	6	488	0.921	
3	7	479	0.8684	
3	8	574	0.8662	
3	9	49	0.7911	
3	10	46	1.119	
3	11	741	0.9452	
3	12	608	0.8963	
3	13	803	0.9315	
3	14	790	0.9418	
3	15	705	0.8501	
3	16	691	0.8814	
3	17	664	0.8822	
3	18	692	0.8305	
3	19	764	0.8654	
3	20	880	0.7789	
3	21	721	0.7025	
3	22	766	0.7055	
3	23	667	0.7175	
3	24	720	0.8712	
3	25	871	0.8898	
3	26	833	0.8627	
3	27	664	0.931	
3	28	771	0.936	
3	29	570	0.7498	
3	30	792	0.774	
3	31	891	0.8206	
3	32	824	0.856	
3	33	659	0.9523	
3	34	664	0.9427	
3	35	572	0.8906	
3	36	550	0.8452	
3	37	5	0.7355	
3	38	9	0.6064	
3	39	692	0.9419	
3	40	978	0.9045	
3	41	680	0.8777	
3	42	646	0.8947	
3	43	22	0.6981	
3	44	610	0.9622	
3	45	1381	0.8692	
3	46	793	0.926	
3	47	9	0.7987	
3	48	18	0.8323	
4	1	1052	0.8329	
4	2	899	0.9281	
4	3	10	0.9248	
4	4	13	1.048	
4	5	680	0.8777	
4	6	580	0.9498	
4	7	518	0.9185	
4	8	482	0.9618	
4	9	71	0.9302	
4	10	13	1.2022	
4	11	671	0.918	
4	12	709	0.8318	
4	13	738	0.8426	
4	14	719	0.8435	
4	15	666	0.9271	
4	16	800	0.7852	
4	17	596	0.9229	
4	18	544	0.9591	
4	19	733	0.7815	
4	20	862	0.8872	
4	21	714	0.9108	
4	22	622	0.7777	
4	23	631	0.7092	
4	24	617	0.7204	
4	25	720	0.9139	
4	26	660	0.8787	
4	27	637	0.8536	
4	28	608	0.9415	
4	29	816	0.8488	
4	30	659	0.8817	
4	31	751	0.7778	
4	32	842	0.8438	
4	33	720	0.8753	
4	34	818	0.9236	
4	35	603	0.8936	
4	36	769	0.878	
4	37	9	0.6064	
4	38	13	0.6813	
4	39	845	0.8952	
4	40	594	0.9546	
4	41	953	0.9124	
4	42	794	0.9377	
4	43	650	0.9114	
4	44	717	0.8878	
4	45	666	0.8804	
4	46	753	0.837	
4	47	10	0.411	C
4	48	26	0.8983	
5	1	902	0.9454	
5	2	802	0.9055	
5	3	798	0.8639	
5	4	771	0.8803	
5	5	10	0.6504	
5	6	12	0.7805	
5	7	809	0.8798	
5	8	731	0.9171	
5	9	530	0.8632	
5	10	705	0.8641	
5	11	676	0.941	
5	12	590	0.9067	
5	13	815	0.8117	
5	14	738	0.8561	
5	15	685	0.8992	
5	16	629	0.6219	
5	17	732	0.8163	
5	18	636	0.8308	
5	19	550	0.8048	
5	20	537	0.8794	
5	21	18	1.078	
5	22	14	0.452	C
5	23	720	0.8129	
5	24	816	0.8834	
5	25	868	0.8608	
5	26	877	0.7406	
5	27	820	0.8742	
5	28	903	0.8351	
5	29	276	1.0008	
5	30	703	0.8924	
5	31	864	0.8632	
5	32	734	0.7825	
5	33	11	0.6981	
5	34	13	0.572	C
5	35	547	0.6977	
5	36	662	0.8114	
5	37	694	0.6058	
5	38	913	0.9093	
5	39	7	0.3873	C
5	40	12	0.7805	
5	41	863	0.8154	
5	42	707	0.8653	
5	43	683	0.9029	
5	44	894	0.8684	
5	45	9	0.6064	
5	46	647	0.8961	
5	47	908	0.9043	
5	48	1386	0.8523	
6	1	859	0.9003	
6	2	834	0.9522	
6	3	795	0.9326	
6	4	873	0.8918	
6	5	10	0.4971	C
6	6	10	0.411	C
6	7	784	0.6063	
6	8	805	0.8687	
6	9	655	0.9514	
6	10	632	0.9132	
6	11	802	0.9409	
6	12	684	0.9473	
6	13	755	0.9001	
6	14	757	0.9128	
6	15	735	0.8431	
6	16	689	0.885	
6	17	754	0.7378	
6	18	794	0.8866	
6	19	510	0.8165	
6	20	495	0.8798	
6	21	9	0.2856	C
6	22	21	0.6664	
6	23	807	0.8832	
6	24	621	0.8351	
6	25	889	0.8688	
6	26	837	0.8773	
6	27	863	0.9283	
6	28	907	0.9128	
6	29	86	0.8433	
6	30	66	1.0472	
6	31	806	0.7423	
6	32	778	0.8648	
6	33	14	0.8385	
6	34	14	0.8886	
6	35	527	0.7683	
6	36	537	0.78	
6	37	494	0.9191	
6	38	643	0.934	
6	39	10	0.9248	
6	40	16	0.6576	
6	41	907	0.9506	
6	42	697	0.9168	
6	43	571	0.8617	
6	44	984	0.9231	
6	45	126	0.9708	
6	46	19	1.0512	
6	47	1063	0.937	
6	48	1265	0.9173	
7	1	918	0.8917	
7	2	720	0.8825	
7	3	636	0.9475	
7	4	598	0.9433	
7	5	816	0.907	
7	6	836	0.8723	
7	7	499	0.8899	
7	8	614	0.9148	
7	9	718	0.8964	
7	10	744	0.949	
7	11	8	0.3288	C
7	12	8	0.6899	
7	13	6	0.4707	C
7	14	11	0.9762	
7	15	729	0.8269	
7	16	761	0.8592	
7	17	655	0.7846	
7	18	756	0.8415	
7	19	712	0.8859	
7	20	920	0.8077	
7	21	620	0.8367	
7	22	778	0.8358	
7	23	778	0.8883	
7	24	662	0.9516	
7	25	400	0.9341	
7	26	400	0.8991	
7	27	13	1.048	
7	28	15	1.0365	
7	29	12	0.5549	C
7	30	13	0.7192	
7	31	464	0.9124	
7	32	571	0.7284	
7	33	481	0.8529	
7	34	605	0.768	
7	35	744	0.6558	
7	36	748	0.8224	
7	37	805	0.885	
7	38	755	0.6617	
7	39	839	0.8849	
7	40	891	0.8874	
7	41	9	0.5712	C
7	42	17	0.6668	
7	43	658	0.9226	
7	44	732	0.9002	
7	45	234	0.9731	S
7	46	504	0.8835	
7	47	13	1.2022	
7	48	20	0.9942	
8	1	838	0.8878	
8	2	703	0.8353	
8	3	716	0.9353	
8	4	643	0.9291	
8	5	779	0.9036	
8	6	886	0.8518	
8	7	679	0.9131	
8	8	706	0.9006	
8	9	762	0.8839	
8	10	618	0.871	
8	11	10	0.9248	
8	12	8	0.7398	
8	13	9	0.539	C
8	14	12	0.528	C
8	15	800	0.5786	C
8	16	796	0.8987	
8	17	640	0.7569	
8	18	647	0.663	
8	19	878	0.7559	
8	20	848	0.6897	
8	21	747	0.8694	
8	22	743	0.8351	
8	23	782	0.9029	
8	24	903	0.8435	
8	25	341	0.7823	
8	26	341	0.8675	
8	27	18	0.5482	C
8	28	14	1.0297	
8	29	21	0.5109	C
8	30	19	0.7452	
8	31	533	0.7193	
8	32	586	0.6161	
8	33	618	0.8742	
8	34	489	0.8259	
8	35	727	0.8767	
8	36	889	0.9081	
8	37	798	0.8981	
8	38	764	0.9213	
8	39	910	0.8904	
8	40	730	0.8178	
8	41	18	0.8323	
8	42	19	0.6987	
8	43	933	0.9063	
8	44	808	0.8941	
8	45	647	0.9138	
8	46	1097	0.9317	
8	47	16	1.0407	
8	48	21	1.0765	
9	1	1102	0.9218	
9	2	892	0.9595	
9	3	586	0.9124	
9	4	639	0.9119	
9	5	184	0.9778	
9	6	203	0.9419	
9	7	384	0.8826	
9	8	413	0.8751	
9	9	585	0.899	
9	10	620	0.8379	
9	11	711	0.9287	
9	12	791	0.8265	
9	13	759	0.798	
9	14	808	0.7882	
9	15	554	0.8149	
9	16	493	0.6913	
9	17	749	0.7068	
9	18	678	0.7741	
9	19	267	0.8489	
9	20	270	0.9336	
9	21	709	0.942	
9	22	691	0.7081	
9	23	711	0.2437	C
9	24	656	0.9599	
9	25	664	0.8866	
9	26	793	0.9454	
9	27	791	0.8668	
9	28	719	0.834	
9	29	340	0.7185	
9	30	373	0.6911	
9	31	782	0.6695	
9	32	800	0.8052	
9	33	747	0.8863	
9	34	818	0.8924	
9	35	690	0.9167	
9	36	751	0.8983	
9	37	722	0.8677	
9	38	707	0.8333	
9	39	530	0.953	
9	40	663	0.9296	
9	41	750	0.9255	
9	42	723	0.8648	
9	43	11	0.6981	
9	44	12	0.6152	
9	45	788	0.8997	
9	46	1080	0.548	C
9	47	853	0.8714	
9	48	1198	0.9122	
10	1	1153	0.9515	
10	2	891	0.8655	
10	3	730	0.9535	
10	4	810	0.8808	
10	5	191	0.9364	
10	6	200	0.8606	
10	7	489	0.9098	
10	8	431	0.9332	
10	9	633	0.9195	
10	10	700	0.93	
10	11	753	0.8694	
10	12	771	0.8515	
10	13	807	0.8549	
10	14	722	0.7732	
10	15	594	0.7825	
10	16	547	0.7419	
10	17	785	0.863	
10	18	732	0.7501	
10	19	158	0.6283	
10	20	271	0.9017	
10	21	770	0.6894	
10	22	717	0.932	
10	23	660	0.7997	
10	24	582	0.9061	
10	25	747	0.8863	
10	26	776	0.886	
10	27	930	0.9034	
10	28	780	0.7021	
10	29	224	0.5351	C
10	30	302	0.5903	C
10	31	523	0.7463	
10	32	770	0.8722	
10	33	703	0.7226	
10	34	732	0.8827	
10	35	579	0.7921	
10	36	777	0.7635	
10	37	796	0.6551	
10	38	759	0.8345	
10	39	696	0.8732	
10	40	634	0.8513	
10	41	865	0.6785	
10	42	735	0.8526	
10	43	11	0.7411	
10	44	14	0.7925	
10	45	985	0.3849	C
10	46	876	0.8561	
10	47	726	0.9108	
10	48	908	0.8745	
11	1	726	0.9108	
11	2	641	0.8988	
11	3	10	0.4624	C
11	4	9	0.5712	C
11	5	810	0.9352	
11	6	935	0.8861	
11	7	11	0.4314	C
11	8	9	0.5712	C
11	9	10	0.9248	
11	10	10	0.8624	
11	11	545	0.9257	
11	12	616	0.7912	
11	13	667	0.8203	
11	14	624	0.8598	
11	15	488	0.7598	
11	16	439	0.7315	
11	17	663	0.6764	
11	18	618	0.7046	
11	19	478	0.8231	
11	20	479	0.7937	
11	21	841	0.8938	
11	22	738	0.9368	
11	23	640	0.8974	
11	24	670	0.9074	
11	25	645	0.8384	
11	26	586	0.9597	
11	27	581	0.8997	
11	28	666	0.6469	
11	29	715	0.6886	
11	30	785	0.6948	
11	31	686	0.7167	
11	32	687	0.7093	
11	33	352	0.9087	
11	34	420	0.882	
11	35	522	0.7877	
11	36	630	0.8241	
11	37	273	0.9012	
11	38	87	1.0979	
11	39	795	0.8332	
11	40	808	0.6985	
11	41	742	0.4976	C
11	42	788	0.6158	
11	43	834	0.8703	
11	44	723	0.9606	
11	45	845	0.5736	C
11	46	928	0.9203	
11	47	358	0.9044	
11	48	1207	0.5448	C
12	1	759	0.9006	
12	2	688	0.9528	
12	3	8	0.7398	
12	4	12	0.8826	
12	5	817	0.9371	
12	6	812	0.9526	
12	7	14	1.4354	
12	8	9	1.2128	
12	9	9	0.5712	C
12	10	15	0.7298	
12	11	599	0.8765	
12	12	675	0.8713	
12	13	558	0.7477	
12	14	485	0.8285	
12	15	455	0.5569	C
12	16	536	0.6538	
12	17	511	0.8597	
12	18	651	0.7516	
12	19	336	0.7355	
12	20	682	0.6455	
12	21	715	0.78	
12	22	891	0.9062	
12	23	782	0.6874	
12	24	645	0.7567	
12	25	650	0.8697	
12	26	518	0.7817	
12	27	584	0.9693	
12	28	708	0.8538	
12	29	741	0.8121	
12	30	685	0.6998	
12	31	831	0.7795	
12	32	677	0.7163	
12	33	310	0.6755	
12	34	466	0.9786	
12	35	541	0.9728	
12	36	642	0.9565	
12	37	304	0.5265	C
12	38	383	0.9089	
12	39	874	0.6804	
12	40	894	0.6877	
12	41	797	0.91	
12	42	876	0.9004	
12	43	827	0.9442	
12	44	749	0.8717	
12	45	880	0.8548	
12	46	1038	0.7903	
12	47	909	0.9303	
12	48	1210	0.8461	
13	1	734	0.9521	
13	2	658	0.9679	
13	3	727	0.8767	
13	4	633	0.9431	
13	5	583	0.9369	
13	6	679	0.9131	
13	7	696	0.863	
13	8	739	0.9226	
13	9	838	0.8336	
13	10	738	0.8899	
13	11	570	0.9232	
13	12	507	0.9433	
13	13	642	0.5676	C
13	14	802	0.6953	
13	15	739	0.7351	
13	16	758	0.8081	
13	17	208	0.6165	
13	18	346	0.6862	
13	19	594	0.7163	
13	20	608	0.5924	C
13	21	546	0.677	
13	22	707	0.7169	
13	23	522	0.5215	C
13	24	463	0.7441	
13	25	528	0.7925	
13	26	677	0.9104	
13	27	689	0.9542	
13	28	631	0.9282	
13	29	678	0.9117	
13	30	718	0.7981	
13	31	631	0.9166	
13	32	680	0.8777	
13	33	744	0.9444	
13	34	754	0.8609	
13	35	402	0.924	
13	36	221	0.9306	
13	37	751	0.8642	
13	38	791	0.9385	
13	39	302	0.9783	
13	40	311	0.915	
13	41	657	0.8685	
13	42	752	0.9434	
13	43	17	0.7861	
13	44	10	0.3922	C
13	45	783	0.88	
13	46	666	0.8743	
13	47	653	0.9044	
13	48	851	0.8182	
14	1	674	0.891	
14	2	517	0.9243	
14	3	728	0.9178	
14	4	663	0.9025	
14	5	722	0.8953	
14	6	667	0.9238	
14	7	685	0.9324	
14	8	712	0.9038	
14	9	709	0.8649	
14	10	589	0.9052	
14	11	532	0.9198	
14	12	474	0.7943	
14	13	776	0.6113	
14	14	732	0.81	
14	15	797	0.7962	
14	16	829	0.6643	
14	17	296	0.4731	C
14	18	178	0.4436	C
14	19	670	0.6041	
14	20	739	0.5339	C
14	21	621	0.7012	
14	22	678	0.8243	
14	23	513	0.9545	
14	24	532	0.9379	
14	25	690	0.9167	
14	26	641	0.9262	
14	27	673	0.9554	
14	28	717	0.8746	
14	29	757	0.9234	
14	30	827	0.9442	
14	31	777	0.9478	
14	32	699	0.8429	
14	33	780	0.9151	
14	34	846	0.8828	
14	35	302	0.9707	
14	36	245	0.9326	
14	37	832	0.8515	
14	38	726	0.9171	
14	39	48	0.7397	
14	40	493	0.9383	
14	41	729	0.9146	
14	42	738	0.9259	
14	43	14	0.7177	
14	44	11	0.5765	C
14	45	704	0.8789	
14	46	1002	0.8782	
14	47	571	0.889	
14	48	1066	0.9435	
15	1	1167	0.9119	
15	2	958	0.8949	
15	3	27	0.692	
15	4	107	0.9533	
15	5	628	0.9477	
15	6	608	0.9058	
15	7	585	0.958	
15	8	593	0.953	
15	9	697	0.9487	
15	10	700	0.8886	
15	11	785	0.7751	
15	12	701	0.9427	
15	13	538	0.8646	
15	14	557	0.9553	
15	15	525	0.9129	
15	16	545	0.8711	
15	17	729	0.5595	C
15	18	814	0.5568	C
15	19	201	0.4213	C
15	20	171	0.8581	
15	21	773	0.8433	
15	22	620	0.6175	
15	23	502	0.967	
15	24	506	0.9747	
15	25	647	0.9233	
15	26	689	0.9542	
15	27	643	0.9409	
15	28	687	0.8868	
15	29	160	0.9586	
15	30	153	0.976	
15	31	512	0.947	
15	32	674	0.8657	
15	33	679	0.957	
15	34	631	0.8848	
15	35	702	0.8807	
15	36	688	0.9647	
15	37	732	0.9292	
15	38	751	0.8953	
15	39	693	0.9598	
15	40	747	0.9069	
15	41	22	0.8629	
15	42	15	0.5883	C
15	43	506	0.955	
15	44	434	0.9313	
15	45	585	0.9402	
15	46	551	0.9636	
15	47	19	0.8786	
15	48	23	1.0635	
16	1	969	0.909	
16	2	856	0.9167	
16	3	143	0.9367	
16	4	61	0.8921	
16	5	775	0.9345	
16	6	745	0.9088	
16	7	663	0.9296	
16	8	704	0.9087	
16	9	764	0.9213	
16	10	701	0.9048	
16	11	680	0.9144	
16	12	754	0.8569	
16	13	484	0.9323	
16	14	666	0.8848	
16	15	411	0.8082	
16	16	500	0.9631	
16	17	578	0.9117	
16	18	686	0.4681	C
16	19	312	0.9488	
16	20	200	0.4546	C
16	21	861	0.9121	
16	22	768	0.901	
16	23	606	0.8711	
16	24	586	0.9418	
16	25	592	0.9098	
16	26	699	0.8978	
16	27	588	0.9155	
16	28	725	0.9095	
16	29	201	0.9036	
16	30	162	0.7867	
16	31	638	0.9679	
16	32	711	0.9561	
16	33	833	0.8921	
16	34	555	0.8871	
16	35	777	0.8773	
16	36	733	0.9461	
16	37	787	0.9189	
16	38	874	0.9462	
16	39	786	0.9433	
16	40	574	0.9657	
16	41	17	0.6987	
16	42	21	1.0439	
16	43	596	0.8833	
16	44	567	0.9063	
16	45	734	0.9208	
16	46	641	0.955	
16	47	11	1.4823	
16	48	22	1.0173	
17	1	55	1.0304	
17	2	14	0.5491	C
17	3	748	0.9384	
17	4	766	0.9453	
17	5	764	0.9428	
17	6	652	0.903	
17	7	267	0.9877	
17	8	258	0.8921	
17	9	775	0.875	
17	10	711	0.8673	
17	11	444	0.9324	
17	12	437	0.8248	
17	13	669	0.8563	
17	14	717	0.9366	
17	15	617	0.9482	
17	16	763	0.5618	C
17	17	505	0.908	
17	18	500	0.8253	
17	19	540	0.8678	
17	20	569	0.812	
17	21	213	1.0205	
17	22	179	0.8983	
17	23	656	0.9479	
17	24	655	0.9184	
17	25	510	0.9433	
17	26	539	0.9119	
17	27	134	1.0202	
17	28	391	0.9071	
17	29	562	0.9584	
17	30	676	0.9202	
17	31	465	0.8776	
17	32	475	0.9421	
17	33	715	0.9615	
17	34	642	0.9002	
17	35	231	0.8617	
17	36	199	0.8486	
17	37	717	0.9209	
17	38	751	0.9013	
17	39	617	0.8651	
17	40	875	0.913	
17	41	733	0.9461	
17	42	780	0.8614	
17	43	16	0.9582	
17	44	19	0.2142	C
17	45	845	0.9393	
17	46	938	0.8762	
17	47	1010	0.8554	
17	48	1202	0.8795	
18	1	33	0.8329	
18	2	17	0.6668	
18	3	817	0.8749	
18	4	750	0.9409	
18	5	647	0.9072	
18	6	731	0.9549	
18	7	296	0.8839	
18	8	234	0.7981	
18	9	756	0.8769	
18	10	799	0.9165	
18	11	580	0.9321	
18	12	551	0.8579	
18	13	714	0.7839	
18	14	614	0.8257	
18	15	626	0.962	
18	16	762	0.9084	
18	17	374	0.8462	
18	18	459	0.854	
18	19	476	0.9303	
18	20	665	0.949	
18	21	184	1.012	
18	22	201	1.0185	
18	23	633	0.9195	
18	24	631	0.9118	
18	25	398	0.9295	
18	26	539	0.9692	
18	27	173	0.6065	
18	28	407	0.8869	
18	29	754	0.9571	
18	30	554	0.932	
18	31	294	0.9275	
18	32	414	0.9306	
18	33	809	0.8571	
18	34	712	0.9574	
18	35	283	0.9416	
18	36	279	1.0034	
18	37	593	0.8835	
18	38	778	0.9127	
18	39	794	0.8503	
18	40	838	0.9113	
18	41	847	0.9458	
18	42	915	0.9306	
18	43	15	0.6936	
18	44	15	0.7298	
18	45	1010	0.9435	
18	46	910	0.9159	
18	47	889	0.9178	
18	48	1265	0.6043	
19	1	422	0.9339	
19	2	215	0.9169	
19	3	772	0.9265	
19	4	790	0.8879	
19	5	416	0.9351	
19	6	404	0.7896	
19	7	693	0.9052	
19	8	722	0.9058	
19	9	553	0.9671	
19	10	731	0.8674	
19	11	558	0.885	
19	12	540	0.8843	
19	13	469	0.8155	
19	14	492	0.8438	
19	15	620	0.9356	
19	16	771	0.8637	
19	17	647	0.9315	
19	18	657	0.941	
19	19	695	0.9508	
19	20	750	0.9455	
19	21	725	0.9632	
19	22	719	0.9392	
19	23	752	0.9325	
19	24	647	0.9349	
19	25	779	0.9502	
19	26	753	0.9185	
19	27	123	0.9477	
19	28	193	0.8677	
19	29	769	0.9124	
19	30	685	0.9211	
19	31	695	0.9078	
19	32	715	0.9229	
19	33	487	0.9718	
19	34	677	0.895	
19	35	20	0.662	
19	36	27	0.7642	
19	37	834	0.914	
19	38	797	0.8859	
19	39	312	0.9017	
19	40	312	0.9084	
19	41	18	0.9227	
19	42	14	0.3668	C
19	43	17	0.6542	
19	44	18	0.6219	
19	45	17	0.7331	
19	46	5	1.9635	
19	47	703	0.8924	
19	48	1150	0.9277	
20	1	544	0.9459	
20	2	458	0.914	
20	3	834	0.7847	
20	4	786	0.8974	
20	5	557	0.9685	
20	6	524	0.9556	
20	7	744	0.9119	
20	8	679	0.8764	
20	9	749	0.9106	
20	10	794	0.8674	
20	11	512	0.9526	
20	12	535	0.9676	
20	13	625	0.8873	
20	14	485	0.9619	
20	15	751	0.7696	
20	16	678	0.9117	
20	17	728	0.8512	
20	18	709	0.9	
20	19	684	0.8829	
20	20	689	0.9542	
20	21	732	0.9609	
20	22	591	0.9201	
20	23	766	0.8986	
20	24	763	0.9157	
20	25	776	0.9622	
20	26	947	0.9531	
20	27	202	0.8692	
20	28	136	0.9405	
20	29	633	0.8767	
20	30	886	0.9147	
20	31	795	0.9222	
20	32	889	0.9003	
20	33	583	0.9196	
20	34	629	0.9204	
20	35	35	0.6237	
20	36	30	1.0365	
20	37	909	0.9014	
20	38	851	0.8786	
20	39	359	0.907	
20	40	670	0.9279	
20	41	25	1.078	
20	42	17	0.6987	
20	43	14	0.7177	
20	44	20	1.1065	
20	45	15	1.1033	
20	46	10	0.9248	
20	47	941	0.757	
20	48	1020	0.8697	
21	1	1082	0.9445	
21	2	835	0.8902	
21	3	370	0.9734	
21	4	394	0.9566	
21	5	505	0.9669	
21	6	665	0.9609	
21	7	16	0.539	C
21	8	12	1.1098	
21	9	724	0.9345	
21	10	623	0.9282	
21	11	690	0.8906	
21	12	696	0.9522	
21	13	719	0.9171	
21	14	762	0.8939	
21	15	428	0.9683	
21	16	380	0.8597	
21	17	653	0.9436	
21	18	617	0.8696	
21	19	591	0.9083	
21	20	620	0.9653	
21	21	597	0.952	
21	22	658	0.8848	
21	23	313	0.8733	
21	24	363	0.8814	
21	25	11	0.5086	C
21	26	15	0.6288	
21	27	585	0.9108	
21	28	428	0.8988	
21	29	716	0.8496	
21	30	690	0.9167	
21	31	23	0.524	C
21	32	18	0.9959	
21	33	644	0.8919	
21	34	521	0.9368	
21	35	669	0.9152	
21	36	668	0.9532	
21	37	688	0.9252	
21	38	565	0.969	
21	39	292	0.9639	
21	40	462	0.9702	
21	41	206	0.9059	
21	42	271	0.9191	
21	43	1180	0.5094	C
21	44	1098	0.5234	C
21	45	15	1.1033	
21	46	10	0.9248	
21	47	1035	0.8825	
21	48	1351	0.6819	
22	1	1033	0.9326	
22	2	844	0.9486	
22	3	536	0.9373	
22	4	528	0.8933	
22	5	689	0.9	
22	6	633	0.9147	
22	7	9	0.2589	C
22	8	15	0.6936	
22	9	465	0.936	
22	10	433	0.9435	
22	11	791	0.9385	
22	12	783	0.9291	
22	13	789	0.9152	
22	14	768	0.9523	
22	15	273	0.8092	
22	16	268	0.9267	
22	17	587	0.9021	
22	18	692	0.8581	
22	19	543	0.8892	
22	20	696	0.9359	
22	21	516	0.8681	
22	22	656	0.9361	
22	23	479	0.9559	
22	24	318	0.967	
22	25	17	1.1454	
22	26	17	0.6987	
22	27	387	0.9184	
22	28	612	0.9528	
22	29	724	0.7211	
22	30	604	0.6919	
22	31	21	0.7868	
22	32	18	0.6333	
22	33	578	0.9413	
22	34	712	0.919	
22	35	535	0.9813	
22	36	678	0.8648	
22	37	735	0.9221	
22	38	629	0.9089	
22	39	272	0.8979	
22	40	510	0.8241	
22	41	341	0.9125	
22	42	458	0.8748	
22	43	1005	0.8373	
22	44	1103	0.9241	
22	45	14	0.9433	
22	46	20	0.8384	
22	47	1136	0.9079	
22	48	1367	0.8604	
23	1	946	0.9095	
23	2	755	0.862	
23	3	14	0.3285	C
23	4	10	0.8624	
23	5	674	0.9569	
23	6	575	0.907	
23	7	758	0.8994	
23	8	768	0.9261	
23	9	8	0.7398	
23	10	12	0.7805	
23	11	10	0.4624	C
23	12	11	0.3043	C
23	13	533	0.8967	
23	14	424	0.9902	
23	15	759	0.9079	
23	16	713	0.9203	
23	17	622	0.8364	
23	18	617	0.9606	
23	19	578	0.9594	
23	20	568	0.896	
23	21	688	0.888	
23	22	724	0.855	
23	23	719	0.6834	
23	24	809	0.8854	
23	25	712	0.6887	
23	26	567	0.9539	
23	27	18	0.706	
23	28	18	1.3239	
23	29	655	0.6524	
23	30	782	0.6941	
23	31	812	0.8537	
23	32	801	0.7483	
23	33	847	0.6637	
23	34	864	0.6859	
23	35	327	0.9285	
23	36	505	0.9209	
23	37	730	0.8803	
23	38	533	0.9397	
23	39	719	0.9171	
23	40	831	0.7577	
23	41	827	0.9295	
23	42	948	0.5611	C
23	43	136	0.9896	
23	44	123	0.7109	
23	45	884	0.9127	
23	46	760	0.9165	
23	47	60	0.7039	
23	48	135	1.0402	
24	1	969	0.9372	
24	2	852	0.947	
24	3	12	0.5839	C
24	4	13	0.8759	
24	5	640	0.9365	
24	6	778	0.8784	
24	7	718	0.9492	
24	8	842	0.4132	C
24	9	8	0.8202	
24	10	4	1.078	
24	11	9	0.6219	
24	12	13	1.2022	
24	13	664	0.9084	
24	14	603	0.9267	
24	15	782	0.7675	
24	16	668	0.8875	
24	17	655	0.9347	
24	18	570	0.7638	
24	19	596	0.9159	
24	20	533	0.9003	
24	21	729	0.8167	
24	22	691	0.957	
24	23	757	0.8781	
24	24	812	0.7563	
24	25	657	0.8911	
24	26	728	0.692	
24	27	21	1.2577	
24	28	21	0.9055	
24	29	649	0.7639	
24	30	965	0.5571	C
24	31	788	0.9244	
24	32	441	0.9403	
24	33	798	0.8327	
24	34	868	0.9097	
24	35	268	0.9267	
24	36	257	0.9319	
24	37	838	0.7097	
24	38	762	0.9145	
24	39	580	0.8799	
24	40	529	0.8086	
24	41	793	0.9409	
24	42	851	0.9113	
24	43	132	0.8883	
24	44	149	0.9504	
24	45	803	0.9126	
24	46	775	0.9092	
24	47	124	0.8816	
24	48	136	1.0181	
25	1	767	0.9622	
25	2	694	0.9065	
25	3	942	0.8304	
25	4	856	0.6751	
25	5	658	0.9508	
25	6	524	0.9238	
25	7	625	0.9431	
25	8	665	0.921	
25	9	629	0.8562	
25	10	742	0.348	C
25	11	813	0.4909	C
25	12	861	0.3553	C
25	13	222	0.998	
25	14	257	0.9986	
25	15	570	0.8874	
25	16	623	0.9282	
25	17	56	0.9851	
25	18	55	0.9675	
25	19	376	0.9129	
25	20	380	0.9227	
25	21	736	0.3971	C
25	22	633	0.7811	
25	23	654	0.776	
25	24	564	0.8781	
25	25	534	0.9107	
25	26	638	0.5859	C
25	27	708	0.8987	
25	28	678	0.7053	
25	29	700	0.9221	
25	30	733	0.7971	
25	31	53	1.166	
25	32	404	0.9587	
25	33	145	1.0028	
25	34	84	0.9374	
25	35	166	1.0315	
25	36	161	0.9403	
25	37	780	0.9299	
25	38	721	0.9531	
25	39	564	0.8829	
25	40	619	0.9222	
25	41	546	0.9237	
25	42	715	0.8866	
25	43	580	0.8913	
25	44	774	0.8837	
25	45	757	0.9025	
25	46	618	0.8819	
25	47	875	0.8806	
25	48	988	0.8831	
26	1	721	0.894	
26	2	646	0.9335	
26	3	869	0.9165	
26	4	815	0.9118	
26	5	716	0.8939	
26	6	695	0.9625	
26	7	739	0.9586	
26	8	721	0.9418	
26	9	766	0.4414	C
26	10	651	0.9526	
26	11	830	0.9328	
26	12	759	0.3788	C
26	13	277	0.9578	
26	14	223	0.9391	
26	15	646	0.3241	C
26	16	608	0.4918	C
26	17	80	0.9248	
26	18	38	1.2358	
26	19	455	0.9496	
26	20	306	0.8843	
26	21	682	0.8908	
26	22	628	0.7487	
26	23	632	0.7103	
26	24	562	0.5024	C
26	25	664	0.7324	
26	26	694	0.5798	C
26	27	516	0.6346	
26	28	619	0.612	
26	29	754	0.7023	
26	30	720	0.6122	
26	31	33	0.7908	
26	32	21	0.8237	
26	33	138	0.9653	
26	34	133	0.8712	
26	35	122	0.8878	
26	36	142	0.9664	
26	37	814	0.9294	
26	38	684	0.9473	
26	39	631	0.9351	
26	40	558	0.957	
26	41	630	0.9267	
26	42	575	0.8723	
26	43	518	0.8764	
26	44	776	0.896	
26	45	697	0.942	
26	46	774	0.9123	
26	47	788	0.9098	
26	48	1089	0.851	
27	1	113	0.935	
27	2	235	0.9809	
27	3	15	1.1033	
27	4	10	0.9248	
27	5	392	0.9518	
27	6	507	0.9569	
27	7	11	0.7411	
27	8	10	0.2524	C
27	9	437	0.692	
27	10	714	0.377	C
27	11	559	0.875	
27	12	467	0.9128	
27	13	313	0.9875	
27	14	318	0.919	
27	15	623	0.3651	C
27	16	724	0.9083	
27	17	12	0.8826	
27	18	13	0.6813	
27	19	15	1.1033	
27	20	16	0.7954	
27	21	721	0.9152	
27	22	811	0.4604	C
27	23	647	0.3358	C
27	24	603	0.7271	
27	25	529	0.6993	
27	26	618	0.6597	
27	27	785	0.3568	C
27	28	768	0.4479	C
27	29	483	0.752	
27	30	648	0.7101	
27	31	572	0.6679	
27	32	655	0.6856	
27	33	686	0.7832	
27	34	797	0.4822	C
27	35	724	0.584	C
27	36	846	0.92	
27	37	489	0.9152	
27	38	629	0.8711	
27	39	734	0.9102	
27	40	658	0.7694	
27	41	682	0.9061	
27	42	700	0.9413	
27	43	772	0.8609	
27	44	592	0.8554	
27	45	82	0.8629	
27	46	726	0.9108	
27	47	986	0.8105	
27	48	1145	0.9237	
28	1	688	0.8733	
28	2	404	0.9286	
28	3	12	0.8292	
28	4	14	0.6812	
28	5	565	0.8572	
28	6	698	0.9306	
28	7	8	0.3288	C
28	8	10	0.6504	
28	9	697	0.4043	C
28	10	604	0.7308	
28	11	579	0.8473	
28	12	615	0.8517	
28	13	461	0.7438	
28	14	500	0.7887	
28	15	613	0.4256	C
28	16	596	0.4226	C
28	17	16	0.5884	C
28	18	12	0.4496	C
28	19	22	0.3078	C
28	20	22	1.0173	
28	21	818	0.4618	C
28	22	812	0.4736	C
28	23	597	0.9542	
28	24	572	0.9623	
28	25	716	0.3435	C
28	26	684	0.4172	C
28	27	613	0.6098	
28	28	811	0.4878	C
28	29	703	0.5304	C
28	30	549	0.767	
28	31	624	0.9297	
28	32	528	0.9494	
28	33	523	0.5111	C
28	34	361	0.6518	
28	35	939	0.6665	
28	36	742	0.5723	C
28	37	500	0.8866	
28	38	648	0.8405	
28	39	706	0.938	
28	40	746	0.8893	
28	41	711	0.8816	
28	42	804	0.9432	
28	43	593	0.9232	
28	44	779	0.8796	
28	45	555	0.9039	
28	46	779	0.8935	
28	47	1077	0.9132	
28	48	1204	0.8842	
29	1	955	0.7233	
29	2	843	0.6693	
29	3	545	0.9476	
29	4	650	0.9114	
29	5	390	0.9317	
29	6	461	0.73	
29	7	324	1.0035	
29	8	421	0.6922	
29	9	615	0.3182	C
29	10	621	0.5113	C
29	11	554	0.4319	C
29	12	593	0.8996	
29	13	276	0.9287	
29	14	366	0.5242	C
29	15	836	0.6718	
29	16	884	0.4796	C
29	17	409	0.724	
29	18	477	0.6328	
29	19	696	0.3639	C
29	20	726	0.4782	C
29	21	746	0.5845	C
29	22	785	0.5939	C
29	23	26	0.7918	
29	24	104	0.9562	
29	25	842	0.3918	C
29	26	817	0.469	C
29	27	673	0.3881	C
29	28	635	0.4989	C
29	29	811	0.6474	
29	30	660	0.7959	
29	31	22	0.7601	
29	32	34	1.0181	
29	33	958	0.7486	
29	34	965	0.757	
29	35	565	0.9559	
29	36	517	0.8747	
29	37	672	0.959	
29	38	610	0.9549	
29	39	324	0.9267	
29	40	380	0.8139	
29	41	761	0.2956	C
29	42	749	0.7047	
29	43	281	0.8769	
29	44	211	0.9279	
29	45	34	1.0181	
29	46	877	0.8865	
29	47	227	0.8397	
29	48	155	0.8738	
30	1	955	0.9237	
30	2	836	0.9293	
30	3	515	0.7311	
30	4	458	0.7855	
30	5	559	0.9533	
30	6	579	0.9557	
30	7	410	0.8934	
30	8	301	0.9936	
30	9	712	0.4065	C
30	10	750	0.5587	C
30	11	681	0.5524	C
30	12	618	0.4529	C
30	13	425	0.3095	C
30	14	420	0.9441	
30	15	926	0.9459	
30	16	975	0.9017	
30	17	473	0.3105	C
30	18	606	0.4837	C
30	19	857	0.6083	
30	20	801	0.3779	C
30	21	851	0.5792	C
30	22	732	0.5012	C
30	23	91	0.1505	C
30	24	46	0.2523	C
30	25	847	0.6309	
30	26	758	0.7132	
30	27	889	0.9276	
30	28	741	0.7146	
30	29	802	0.9127	
30	30	695	0.946	
30	31	36	0.9227	
30	32	35	0.7193	
30	33	935	0.6498	
30	34	880	0.9057	
30	35	617	0.512	C
30	36	577	0.8867	
30	37	680	0.9303	
30	38	813	0.8938	
30	39	113	0.9939	
30	40	332	0.9263	
30	41	883	0.5907	C
30	42	685	0.9487	
30	43	240	0.9405	
30	44	289	0.8922	S
30	45	1053	0.869	
30	46	918	0.8699	
30	47	224	0.9762	
30	48	260	0.8488	S
31	1	889	0.8816	
31	2	782	0.7151	
31	3	931	0.7025	
31	4	1058	0.829	
31	5	30	0.6377	
31	6	13	0.7786	
31	7	1027	0.742	
31	8	957	0.7382	
31	9	992	0.7602	
31	10	959	0.6758	
31	11	910	0.6929	
31	12	934	0.7367	
31	13	926	0.6516	
31	14	1061	0.6397	
31	15	38	0.9244	
31	16	21	0.7723	
31	17	922	0.6329	
31	18	861	0.6323	
31	19	1002	0.5984	C
31	20	932	0.6969	
31	21	940	0.4867	C
31	22	993	0.5549	C
31	23	999	0.4744	C
31	24	968	0.538	C
31	25	623	0.6871	
31	26	634	0.9446	
31	27	50	0.962	
31	28	55	0.7486	
31	29	47	0.8268	
31	30	56	0.3981	C
31	31	645	0.8064	
31	32	563	0.9656	
31	33	907	0.9101	
31	34	966	0.9062	
31	35	858	0.8993	
31	36	1016	0.8783	
31	37	827	0.9338	
31	38	820	0.8849	
31	39	1030	0.9298	
31	40	879	0.9413	
31	41	925	0.7006	
31	42	887	0.8889	
31	43	741	0.8936	
31	44	951	0.9238	
31	45	1027	0.8893	
31	46	616	0.9416	
31	47	637	0.6791	
31	48	713	0.9426	
32	1	962	0.8987	
32	2	874	0.936	
32	3	1104	0.8056	
32	4	1136	0.6285	
32	5	34	0.8271	
32	6	32	1.0155	
32	7	1541	0.1468	C
32	8	1009	0.8487	
32	9	1090	0.9423	
32	10	1098	0.8857	
32	11	1084	0.9333	
32	12	1140	0.9196	
32	13	1034	0.9115	
32	14	1140	0.9498	
32	15	54	0.7268	
32	16	59	0.9362	
32	17	1092	0.6122	
32	18	1130	0.9415	
32	19	1191	0.9187	
32	20	1196	0.9433	
32	21	1157	0.4843	C
32	22	1045	0.9434	
32	23	1103	0.9103	
32	24	1218	0.8495	
32	25	602	0.9373	
32	26	662	0.9282	
32	27	76	0.8482	
32	28	71	0.8507	
32	29	98	0.1688	C
32	30	55	0.6292	
32	31	689	0.9379	
32	32	358	0.8939	
32	33	1104	0.9414	
32	34	1174	0.5523	C
32	35	1153	0.6641	
32	36	1054	0.7761	
32	37	1103	0.9315	
32	38	1066	0.8967	
32	39	1181	0.9315	
32	40	1143	0.9099	
32	41	1223	0.8366	
32	42	1038	0.9024	
32	43	1016	0.476	C
32	44	1077	0.5441	C
32	45	828	0.8964	
32	46	672	0.5965	C
32	47	603	0.6642	
32	48	592	0.8886	
