# gitter v1.0.3 data file generated on Wed Feb 25 11:19:38 2015
# Warning possible misgridding: high count of small colony sizes, high count of low colony circularity
# Flags: S - Colony spill or edge interference, C - Low colony circularity
# row	col	size	circularity	flags
1	1	1302	0.9358	
1	2	1159	0.9349	
1	3	482	0.9285	
1	4	631	0.9166	
1	5	1103	0.9443	
1	6	981	0.8856	
1	7	1206	0.9217	
1	8	994	0.942	
1	9	632	0.9248	
1	10	765	0.8775	
1	11	562	0.9508	
1	12	684	0.8482	
1	13	1267	0.885	
1	14	1126	0.8799	
1	15	17	0.6668	
1	16	13	0.4658	C
1	17	1252	0.9361	
1	18	1201	0.9264	
1	19	22	0.392	C
1	20	14	0.7177	
1	21	1186	0.9065	
1	22	1099	0.9245	
1	23	1170	0.9059	
1	24	888	0.8715	
1	25	624	0.8494	
1	26	1068	0.8731	
1	27	1036	0.9314	
1	28	1002	0.8869	
1	29	814	0.8949	
1	30	943	0.8598	
1	31	14	0.8385	
1	32	26	0.4435	C
1	33	1038	0.8533	
1	34	1285	0.9202	
1	35	1147	0.9131	
1	36	1281	0.8981	
1	37	22	0.9223	
1	38	12	1.1098	
1	39	22	0.5856	C
1	40	25	1.0276	
1	41	432	0.9711	
1	42	290	0.8234	
1	43	1029	0.9198	
1	44	1017	0.9405	
1	45	49	0.901	
1	46	52	0.7605	
1	47	1175	0.9098	
1	48	950	0.8786	
2	1	1216	0.921	
2	2	1076	0.9264	
2	3	588	0.945	
2	4	540	0.9575	
2	5	883	0.8981	
2	6	957	0.8762	
2	7	835	0.918	
2	8	1031	0.9125	
2	9	591	0.9498	
2	10	192	0.8909	
2	11	371	0.976	
2	12	343	0.9024	
2	13	919	0.9488	
2	14	1035	0.9251	
2	15	6	0.7187	
2	16	8	0.6899	
2	17	949	0.8689	
2	18	1073	0.9149	
2	19	24	0.6639	
2	20	14	0.4443	C
2	21	960	0.879	
2	22	968	0.9307	
2	23	1076	0.7242	
2	24	1060	0.7431	
2	25	906	0.9454	
2	26	995	0.8982	
2	27	1125	0.8566	
2	28	897	0.8804	
2	29	662	0.9398	
2	30	262	0.9238	
2	31	10	0.411	C
2	32	16	0.7185	
2	33	883	0.8655	
2	34	813	0.9096	
2	35	1151	0.8684	
2	36	1040	0.9427	
2	37	20	0.7844	
2	38	15	0.6936	
2	39	25	0.7613	
2	40	17	0.7331	
2	41	736	0.9126	
2	42	33	0.8647	
2	43	1247	0.9567	
2	44	1024	0.8183	
2	45	23	1.2725	
2	46	19	0.6987	
2	47	1102	0.8692	
2	48	1001	0.8738	
3	1	23	0.6362	
3	2	23	0.8092	
3	3	971	0.9241	
3	4	722	0.9274	
3	5	375	0.8816	
3	6	837	0.9346	
3	7	271	0.8946	
3	8	520	0.899	
3	9	520	0.8918	
3	10	668	0.9483	
3	11	791	0.9538	
3	12	884	0.9467	
3	13	77	0.8719	
3	14	273	0.9186	
3	15	853	0.9176	
3	16	789	0.9213	
3	17	750	0.7006	
3	18	772	0.7911	
3	19	929	0.8189	
3	20	1043	0.7469	
3	21	744	0.7534	
3	22	876	0.8687	
3	23	846	0.839	
3	24	819	0.8546	
3	25	91	0.9222	
3	26	25	0.7934	
3	27	933	0.8959	
3	28	901	0.8298	
3	29	547	0.818	
3	30	536	0.9068	
3	31	974	0.9099	
3	32	1080	0.8678	
3	33	387	0.9551	
3	34	386	0.9916	
3	35	857	0.8375	
3	36	928	0.8794	
3	37	523	0.935	
3	38	660	0.9254	
3	39	906	0.8586	
3	40	848	0.9139	
3	41	818	0.9194	
3	42	1134	0.927	
3	43	11	0.6588	
3	44	16	1.2898	
3	45	10	0.9248	
3	46	15	0.7689	
3	47	726	0.9371	
3	48	1138	0.8811	
4	1	27	0.8568	
4	2	23	1.1433	
4	3	879	0.9075	
4	4	782	0.9385	
4	5	747	0.8863	
4	6	774	0.8509	
4	7	677	0.9104	
4	8	734	0.8954	
4	9	519	0.9713	
4	10	443	0.884	
4	11	756	0.9374	
4	12	779	0.8853	
4	13	11	0.3043	C
4	14	215	0.9251	
4	15	776	0.8722	
4	16	664	0.8673	
4	17	768	0.9217	
4	18	865	0.9364	
4	19	954	0.8612	
4	20	855	0.8417	
4	21	604	0.8951	
4	22	600	0.9221	
4	23	778	0.783	
4	24	849	0.8859	
4	25	21	0.6395	
4	26	29	0.777	
4	27	810	0.9458	
4	28	763	0.8197	
4	29	495	0.8886	
4	30	445	0.9092	
4	31	920	0.8845	
4	32	995	0.9202	
4	33	318	0.9123	
4	34	456	0.7497	
4	35	863	0.8459	
4	36	799	0.7818	
4	37	517	0.9758	
4	38	506	0.9098	
4	39	475	0.8541	
4	40	850	0.8317	
4	41	834	0.927	
4	42	887	0.9256	
4	43	8	0.7398	
4	44	12	0.8826	
4	45	11	0.7411	
4	46	23	1.2725	
4	47	240	0.9214	S
4	48	353	0.961	
5	1	486	0.9042	
5	2	397	0.8924	
5	3	7	0.9433	
5	4	69	0.9544	
5	5	8	0.6899	
5	6	10	0.6504	
5	7	211	0.9882	
5	8	317	0.9818	
5	9	738	0.9076	
5	10	865	0.9066	
5	11	319	0.8684	
5	12	533	0.909	
5	13	505	0.9531	
5	14	495	0.9734	
5	15	343	0.8465	
5	16	203	0.9419	
5	17	6	1.2861	
5	18	3	3.2341	
5	19	171	0.9405	
5	20	417	0.9086	
5	21	2	25.1327	
5	22	5	0.7355	
5	23	708	0.8987	
5	24	760	0.8816	
5	25	704	0.8259	
5	26	872	0.8648	
5	27	244	0.8847	
5	28	205	0.5345	C
5	29	875	0.8994	
5	30	856	0.9028	
5	31	722	0.8152	
5	32	756	0.8729	
5	33	253	0.955	
5	34	376	0.9659	
5	35	811	0.7178	
5	36	989	0.5867	C
5	37	8	0.2942	C
5	38	99	1.0033	
5	39	730	0.8862	
5	40	852	0.9223	
5	41	683	0.8816	
5	42	775	0.9092	
5	43	1038	0.8318	
5	44	1218	0.9309	
5	45	11	0.7411	
5	46	10	0.9248	
5	47	315	0.9756	
5	48	310	0.8959	
6	1	486	0.9639	
6	2	380	0.9227	
6	3	58	1.0665	
6	4	136	0.9513	
6	5	7	0.9433	
6	6	9	0.5712	C
6	7	231	0.8975	
6	8	439	0.8006	
6	9	926	0.8384	
6	10	791	0.943	
6	11	540	0.8299	
6	12	561	0.9066	
6	13	456	0.9576	
6	14	340	0.9972	
6	15	264	0.8667	
6	16	243	0.8499	
6	17	8	0.6449	
6	18	6	0.4707	C
6	19	405	0.8117	
6	20	332	0.8778	
6	21	6	0.5549	C
6	22	6	0.5549	C
6	23	737	0.7979	
6	24	665	0.8571	
6	25	465	0.7615	
6	26	610	0.9254	
6	27	282	0.9309	
6	28	266	0.9645	
6	29	907	0.8508	
6	30	875	0.8499	
6	31	787	0.9382	
6	32	726	0.8826	
6	33	249	0.8955	
6	34	238	0.8461	
6	35	482	0.8703	
6	36	837	0.5312	C
6	37	11	1.4823	
6	38	44	1.1529	
6	39	727	0.8394	
6	40	844	0.8558	
6	41	583	0.8247	
6	42	535	0.9176	
6	43	1036	0.9043	
6	44	1140	0.8634	
6	45	10	0.9248	
6	46	11	1.1278	
6	47	77	0.9366	
6	48	304	0.9415	
7	1	1158	0.9133	
7	2	920	0.9259	
7	3	804	0.861	
7	4	803	0.9168	
7	5	679	0.957	
7	6	841	0.9246	
7	7	621	0.9721	
7	8	868	0.8867	
7	9	756	0.8911	
7	10	607	0.8707	
7	11	696	0.8774	
7	12	743	0.8688	
7	13	727	0.8667	
7	14	807	0.8872	
7	15	976	0.8332	
7	16	887	0.6842	
7	17	921	0.7831	
7	18	947	0.6508	
7	19	819	0.6376	
7	20	795	0.8244	
7	21	847	0.8227	
7	22	621	0.9544	
7	23	687	0.8824	
7	24	657	0.9494	
7	25	754	0.853	
7	26	799	0.7627	
7	27	748	0.745	
7	28	714	0.7937	
7	29	308	0.8385	
7	30	441	0.8373	
7	31	40	0.88	
7	32	8	0.2942	C
7	33	432	0.6639	
7	34	250	0.6454	
7	35	758	0.8892	
7	36	747	0.6752	
7	37	820	0.8314	
7	38	709	0.8732	
7	39	791	0.8657	
7	40	638	0.7683	
7	41	727	0.8044	
7	42	774	0.8739	
7	43	11	1.4823	
7	44	11	0.7411	
7	45	585	0.8942	
7	46	495	0.8607	
7	47	974	0.7712	
7	48	976	0.8243	
8	1	1152	0.9418	
8	2	988	0.9597	
8	3	905	0.9588	
8	4	689	0.8937	
8	5	901	0.9068	
8	6	826	0.8712	
8	7	779	0.9394	
8	8	833	0.8825	
8	9	655	0.8852	
8	10	716	0.9353	
8	11	840	0.8776	
8	12	853	0.7625	
8	13	812	0.8968	
8	14	889	0.9418	
8	15	926	0.8903	
8	16	986	0.948	
8	17	909	0.8527	
8	18	995	0.846	
8	19	708	0.787	
8	20	884	0.9282	
8	21	908	0.8457	
8	22	827	0.669	
8	23	752	0.8822	
8	24	497	0.8937	
8	25	770	0.9033	
8	26	840	0.8581	
8	27	712	0.8727	
8	28	646	0.8522	
8	29	330	0.9048	
8	30	318	0.7005	
8	31	12	0.8826	
8	32	14	0.6812	
8	33	482	0.6148	
8	34	228	0.5693	C
8	35	841	0.8145	
8	36	753	0.9185	
8	37	679	0.9085	
8	38	824	0.7566	
8	39	648	0.9654	
8	40	595	0.969	
8	41	759	0.9153	
8	42	801	0.9353	
8	43	16	0.6398	
8	44	14	0.9433	
8	45	665	0.8791	
8	46	679	0.8764	
8	47	1037	0.9089	
8	48	854	0.8817	
9	1	25	0.9805	
9	2	14	0.5491	C
9	3	8	0.5528	C
9	4	10	0.6504	
9	5	12	0.8826	
9	6	9	0.5854	C
9	7	11	0.4045	C
9	8	12	0.4496	C
9	9	616	0.8836	
9	10	497	0.9574	
9	11	471	0.9073	
9	12	712	0.8976	
9	13	455	0.9135	
9	14	406	0.9332	
9	15	12	0.3808	C
9	16	10	0.44	C
9	17	24	0.8992	
9	18	55	0.8621	
9	19	71	0.7472	
9	20	77	0.7912	
9	21	705	0.8949	
9	22	857	0.3153	C
9	23	527	0.9667	
9	24	419	1.001	
9	25	513	0.8515	
9	26	488	0.7812	
9	27	661	0.8502	
9	28	384	0.8188	
9	29	636	0.8701	
9	30	973	0.6871	
9	31	5	0.9248	
9	32	6	0.5549	C
9	33	661	0.5104	C
9	34	906	0.6731	
9	35	104	1.0687	
9	36	171	0.9405	
9	37	371	0.9531	
9	38	515	0.8093	
9	39	13	0.3281	C
9	40	21	0.3582	C
9	41	523	0.9537	
9	42	379	0.9054	
9	43	105	0.9654	
9	44	263	0.9729	
9	45	362	0.9364	
9	46	539	0.9068	
9	47	16	0.8852	
9	48	27	0.8568	
10	1	28	0.7177	
10	2	15	1.1033	
10	3	7	0.9433	
10	4	9	1.2128	
10	5	8	0.6899	
10	6	10	0.3922	C
10	7	10	0.6504	
10	8	18	0.4446	C
10	9	601	0.9659	
10	10	624	0.8642	
10	11	646	0.9104	
10	12	756	0.8729	
10	13	514	0.8989	
10	14	564	0.9361	
10	15	14	0.3873	C
10	16	12	0.4496	C
10	17	94	0.5377	C
10	18	222	0.8451	
10	19	47	0.9851	
10	20	44	0.678	
10	21	898	0.8723	
10	22	846	0.4728	C
10	23	542	0.9371	
10	24	615	0.8776	
10	25	444	0.8678	
10	26	452	0.9154	
10	27	695	0.9393	
10	28	803	0.9271	
10	29	431	0.6182	
10	30	921	0.6637	
10	31	10	0.9248	
10	32	9	0.6219	
10	33	566	0.4506	C
10	34	506	0.5055	C
10	35	87	0.9709	
10	36	160	0.9248	
10	37	504	0.9191	
10	38	504	0.7716	
10	39	18	0.4716	C
10	40	33	0.763	
10	41	491	0.9401	
10	42	605	0.5523	C
10	43	17	0.7331	
10	44	532	0.925	
10	45	537	0.8746	
10	46	608	0.9175	
10	47	28	0.6341	
10	48	49	0.7775	
11	1	1166	0.9282	
11	2	923	0.8536	
11	3	590	0.943	
11	4	832	0.891	
11	5	729	0.9146	
11	6	960	0.879	
11	7	686	0.9005	
11	8	672	0.9422	
11	9	11	1.1278	
11	10	15	0.5277	C
11	11	812	0.8137	
11	12	849	0.5526	C
11	13	711	0.8963	
11	14	730	0.8703	
11	15	12	0.7616	
11	16	10	0.8624	
11	17	199	0.7017	
11	18	268	0.6614	
11	19	690	0.8656	
11	20	794	0.6615	
11	21	735	0.7205	
11	22	521	0.8814	
11	23	777	0.8232	
11	24	788	0.9098	
11	25	220	0.899	
11	26	283	0.8035	
11	27	454	0.8279	
11	28	606	0.8648	
11	29	723	0.6872	
11	30	740	0.6207	
11	31	832	0.7123	
11	32	856	0.6098	
11	33	631	0.598	C
11	34	800	0.9074	
11	35	742	0.7556	
11	36	820	0.5329	C
11	37	747	0.7204	
11	38	798	0.57	C
11	39	729	0.524	C
11	40	805	0.9338	
11	41	733	0.5797	C
11	42	878	0.6118	
11	43	615	0.8933	
11	44	765	0.6435	
11	45	678	0.939	
11	46	754	0.8252	
11	47	841	0.9104	
11	48	1192	0.8142	
12	1	1082	0.9445	
12	2	1049	0.9509	
12	3	688	0.8987	
12	4	849	0.9191	
12	5	835	0.8846	
12	6	829	0.9616	
12	7	722	0.9431	
12	8	676	0.883	
12	9	14	0.7925	
12	10	23	0.6887	
12	11	900	0.8264	
12	12	886	0.8606	
12	13	624	0.8905	
12	14	741	0.8936	
12	15	17	0.5395	C
12	16	10	0.2524	C
12	17	336	0.8027	
12	18	504	0.6551	
12	19	667	0.7903	
12	20	587	0.7209	
12	21	622	0.737	
12	22	725	0.8505	
12	23	675	0.9235	
12	24	468	0.8584	
12	25	318	0.9547	
12	26	10	0.6504	
12	27	310	0.7925	
12	28	339	0.7075	
12	29	756	0.7134	
12	30	630	0.7685	
12	31	540	0.6335	
12	32	718	0.7689	
12	33	685	0.7303	
12	34	641	0.5811	C
12	35	824	0.8598	
12	36	565	0.9505	
12	37	703	0.8998	
12	38	832	0.5921	C
12	39	683	0.5422	C
12	40	726	0.9108	
12	41	684	0.5424	C
12	42	712	0.8644	
12	43	767	0.5884	C
12	44	673	0.8748	
12	45	704	0.9042	
12	46	843	0.9167	
12	47	1034	0.9152	
12	48	1155	0.8636	
13	1	26	0.6325	
13	2	17	0.7861	
13	3	31	1.0711	
13	4	13	0.6813	
13	5	745	0.9088	
13	6	671	0.9246	
13	7	17	0.3593	C
13	8	14	0.5491	C
13	9	704	0.8658	
13	10	717	0.9146	
13	11	228	0.6028	
13	12	229	0.6357	
13	13	741	0.6689	
13	14	845	0.8008	
13	15	16	0.7954	
13	16	14	0.4336	C
13	17	239	0.7386	
13	18	235	0.9131	
13	19	797	0.6221	
13	20	679	0.7767	
13	21	543	0.8519	
13	22	624	0.6414	
13	23	8	0.3288	C
13	24	9	0.4716	C
13	25	690	0.6427	
13	26	717	0.65	
13	27	585	0.8305	
13	28	787	0.6918	
13	29	603	0.8605	
13	30	727	0.8796	
13	31	548	0.7751	
13	32	507	0.7692	
13	33	792	0.9042	
13	34	841	0.9006	
13	35	15	0.3468	C
13	36	12	0.4299	C
13	37	714	0.871	
13	38	745	0.9346	
13	39	514	0.9759	
13	40	465	0.9765	
13	41	688	0.888	
13	42	365	0.9158	
13	43	568	0.9128	
13	44	794	0.8826	
13	45	8	0.7398	
13	46	19	1.0512	
13	47	546	0.8391	
13	48	691	0.9026	
14	1	22	0.4233	C
14	2	12	0.8292	
14	3	22	0.5352	C
14	4	11	0.3043	C
14	5	729	0.8996	
14	6	726	0.9108	
14	7	19	0.9445	
14	8	11	0.6981	
14	9	878	0.8261	
14	10	752	0.928	
14	11	135	0.8518	
14	12	138	0.8356	
14	13	803	0.829	
14	14	954	0.841	
14	15	13	0.6462	
14	16	17	0.583	C
14	17	882	0.7194	
14	18	212	0.4863	C
14	19	591	0.5699	C
14	20	645	0.5368	C
14	21	536	0.5125	C
14	22	702	0.5085	C
14	23	9	0.2856	C
14	24	12	0.2047	C
14	25	861	0.6926	
14	26	771	0.713	
14	27	635	0.8949	
14	28	875	0.739	
14	29	765	0.8104	
14	30	647	0.9468	
14	31	461	0.983	
14	32	302	0.9783	
14	33	704	0.8832	
14	34	762	0.8939	
14	35	14	0.6812	
14	36	19	0.6859	
14	37	863	0.7814	
14	38	770	0.918	
14	39	235	1.0112	
14	40	394	0.9141	
14	41	764	0.8921	
14	42	619	0.9106	
14	43	670	0.9681	
14	44	816	0.9316	
14	45	41	0.7212	
14	46	24	0.6057	
14	47	234	0.8908	
14	48	1351	0.878	
15	1	1094	0.9029	
15	2	980	0.8847	
15	3	1009	0.9331	
15	4	935	0.9272	
15	5	7	0.5149	C
15	6	15	0.9757	
15	7	845	0.7705	
15	8	677	0.9493	
15	9	840	0.9065	
15	10	774	0.7872	
15	11	799	0.7948	
15	12	836	0.6133	
15	13	816	0.9286	
15	14	1017	0.5167	C
15	15	349	0.6952	
15	16	18	0.5672	C
15	17	6	0.6639	
15	18	5	0.7355	
15	19	832	0.6158	
15	20	761	0.5618	C
15	21	682	0.6054	
15	22	710	0.9164	
15	23	698	0.549	C
15	24	812	0.9168	
15	25	472	0.9559	
15	26	463	0.9723	
15	27	496	0.7485	
15	28	592	0.882	
15	29	384	0.9324	
15	30	385	0.8849	
15	31	114	0.9235	
15	32	116	0.8114	
15	33	799	0.9268	
15	34	750	0.8337	
15	35	680	0.8882	
15	36	538	0.9227	
15	37	740	0.9393	
15	38	705	0.8949	
15	39	461	0.983	
15	40	524	0.9556	
15	41	625	0.8763	
15	42	598	0.9484	
15	43	674	0.9618	
15	44	951	0.9012	
15	45	15	1.1033	
15	46	11	0.7411	
15	47	21	0.9055	
15	48	33	0.8842	
16	1	1054	0.9421	
16	2	786	0.9478	
16	3	926	0.8865	
16	4	911	0.9405	
16	5	63	0.8254	
16	6	19	0.7965	
16	7	734	0.9208	
16	8	549	0.8727	
16	9	815	0.9202	
16	10	771	0.9148	
16	11	737	0.899	
16	12	653	0.8998	
16	13	796	0.9088	
16	14	853	0.585	C
16	15	16	0.9582	
16	16	11	0.494	C
16	17	7	0.9433	
16	18	12	0.5549	C
16	19	920	0.4986	C
16	20	656	0.5881	C
16	21	736	0.4906	C
16	22	652	0.7444	
16	23	755	0.921	
16	24	725	0.947	
16	25	477	0.9661	
16	26	582	0.9231	
16	27	766	0.9389	
16	28	538	0.9051	
16	29	408	0.9528	
16	30	157	0.9406	
16	31	109	1.0021	
16	32	82	0.962	
16	33	782	0.8829	
16	34	766	0.9089	
16	35	720	0.9139	
16	36	733	0.9622	
16	37	682	0.8953	
16	38	736	0.8692	
16	39	476	0.9641	
16	40	700	0.9144	
16	41	593	0.9113	
16	42	780	0.4245	C
16	43	596	0.9159	
16	44	786	0.9016	
16	45	31	0.7705	
16	46	10	0.44	C
16	47	21	0.7075	
16	48	28	0.9433	
17	1	31	0.6163	
17	2	14	0.7925	
17	3	8	0.3699	C
17	4	9	0.5712	C
17	5	753	0.9185	
17	6	794	0.9065	
17	7	12	0.9062	
17	8	13	0.6462	
17	9	909	0.9014	
17	10	739	0.9539	
17	11	14	0.5491	C
17	12	14	0.7502	
17	13	206	0.9347	
17	14	240	1.0106	
17	15	790	0.4927	C
17	16	621	0.9087	
17	17	831	0.567	C
17	18	785	0.5084	C
17	19	725	0.5749	C
17	20	734	0.507	C
17	21	237	0.998	
17	22	189	0.8769	
17	23	10	0.3922	C
17	24	14	0.4925	C
17	25	602	0.9373	
17	26	659	0.9523	
17	27	770	0.8932	
17	28	691	0.9026	
17	29	500	0.9437	
17	30	525	0.8714	
17	31	383	0.9299	
17	32	419	0.9272	
17	33	403	0.9628	
17	34	688	0.9647	
17	35	337	0.9811	
17	36	461	0.9143	
17	37	536	0.932	
17	38	534	0.9469	
17	39	462	0.8596	
17	40	776	0.9001	
17	41	19	0.9445	
17	42	18	0.6744	
17	43	822	0.9491	
17	44	847	0.3336	C
17	45	352	0.9042	
17	46	146	0.9825	
17	47	922	0.7112	
17	48	925	0.9078	
18	1	20	0.8624	
18	2	11	0.6588	
18	3	10	0.3922	C
18	4	14	0.7925	
18	5	806	0.9411	
18	6	705	0.8501	
18	7	10	0.44	C
18	8	11	0.9487	
18	9	885	0.5092	C
18	10	766	0.9237	
18	11	11	0.4398	C
18	12	12	0.9674	
18	13	194	0.9295	
18	14	222	0.9763	
18	15	601	0.8907	
18	16	510	0.8868	
18	17	735	0.9601	
18	18	714	0.9108	
18	19	510	0.8747	
18	20	767	0.4967	C
18	21	137	1.0136	
18	22	266	0.9379	
18	23	11	0.3491	C
18	24	15	0.7861	
18	25	733	0.9461	
18	26	840	0.9441	
18	27	777	0.8871	
18	28	607	0.9043	
18	29	479	0.9362	
18	30	695	0.9508	
18	31	396	0.9042	
18	32	463	0.9183	
18	33	430	0.9666	
18	34	488	0.921	
18	35	752	0.9173	
18	36	491	0.9738	
18	37	584	0.8701	
18	38	702	0.944	
18	39	676	0.909	
18	40	716	0.8734	
18	41	18	0.9227	
18	42	23	0.5595	C
18	43	686	0.9271	
18	44	763	0.8909	
18	45	497	0.3222	C
18	46	318	0.9849	
18	47	807	0.9512	
18	48	1269	0.8712	
19	1	967	0.873	
19	2	825	0.9212	
19	3	818	0.9236	
19	4	711	0.9678	
19	5	271	0.9371	
19	6	127	1.0508	
19	7	771	0.8943	
19	8	730	0.9052	
19	9	664	0.9595	
19	10	747	0.8462	
19	11	808	0.8522	
19	12	802	0.9409	
19	13	787	0.5337	C
19	14	796	0.3993	C
19	15	725	0.9632	
19	16	742	0.9157	
19	17	636	0.4619	C
19	18	661	0.8889	
19	19	622	0.8876	
19	20	684	0.4331	C
19	21	691	0.9406	
19	22	689	0.8573	
19	23	683	0.9577	
19	24	686	0.9225	
19	25	98	1.007	
19	26	89	0.9594	
19	27	170	1.045	
19	28	133	0.9198	
19	29	691	0.9292	
19	30	612	0.9118	
19	31	678	0.9675	
19	32	675	0.9632	
19	33	355	0.9904	
19	34	208	0.9562	
19	35	81	0.9364	
19	36	46	0.7299	
19	37	557	0.963	
19	38	773	0.9172	
19	39	629	0.9322	
19	40	621	0.9135	
19	41	371	0.9999	
19	42	453	0.9175	
19	43	470	0.85	
19	44	504	0.8479	
19	45	630	0.9219	
19	46	468	0.9478	
19	47	754	0.8513	
19	48	1095	0.6072	
20	1	1141	0.9416	
20	2	877	0.8881	
20	3	848	0.9426	
20	4	792	0.9397	
20	5	189	0.9484	
20	6	144	0.8852	
20	7	713	0.8945	
20	8	686	0.9069	
20	9	739	0.9427	
20	10	703	0.8967	
20	11	781	0.8586	
20	12	837	0.845	
20	13	673	0.8897	
20	14	702	0.8705	
20	15	692	0.9039	
20	16	709	0.9261	
20	17	616	0.9467	
20	18	620	0.9653	
20	19	618	0.9622	
20	20	735	0.8721	
20	21	561	0.8734	
20	22	653	0.9436	
20	23	544	0.9277	
20	24	519	0.9656	
20	25	82	1.0913	
20	26	46	0.7947	
20	27	425	0.9553	
20	28	249	0.9211	
20	29	750	0.9255	
20	30	761	0.8928	
20	31	842	0.8786	
20	32	728	0.9133	
20	33	64	0.9745	
20	34	739	0.8572	
20	35	64	0.8852	
20	36	31	0.8774	
20	37	782	0.9174	
20	38	744	0.9603	
20	39	815	0.9059	
20	40	672	0.8928	
20	41	120	0.7572	
20	42	670	0.9394	
20	43	712	0.919	
20	44	698	0.9339	
20	45	537	0.9158	
20	46	725	0.947	
20	47	951	0.6021	
20	48	1257	0.6789	
21	1	727	0.9659	
21	2	688	0.9528	
21	3	748	0.854	
21	4	718	0.9114	
21	5	15	0.4387	C
21	6	22	0.3971	C
21	7	673	0.9321	
21	8	685	0.9487	
21	9	593	0.8949	
21	10	670	0.8691	
21	11	571	0.9056	
21	12	612	0.9235	
21	13	582	0.9231	
21	14	646	0.9453	
21	15	548	0.9717	
21	16	532	0.9124	
21	17	636	0.9475	
21	18	627	0.9512	
21	19	15	0.4315	C
21	20	16	0.7954	
21	21	741	0.9188	
21	22	651	0.9128	
21	23	691	0.8711	
21	24	646	0.9453	
21	25	628	0.8962	
21	26	599	0.8765	
21	27	666	0.8848	
21	28	687	0.9515	
21	29	402	0.954	
21	30	357	0.9171	
21	31	573	0.9209	
21	32	716	0.9242	
21	33	608	0.9771	
21	34	650	0.8741	
21	35	447	0.8998	
21	36	368	0.9297	
21	37	92	0.9453	
21	38	199	0.9664	
21	39	528	0.8764	
21	40	487	0.9518	
21	41	640	0.9133	
21	42	612	0.958	
21	43	658	0.9508	
21	44	692	0.9194	
21	45	611	0.9564	
21	46	621	0.8707	
21	47	1003	0.5025	C
21	48	967	0.9125	
22	1	904	0.9235	
22	2	833	0.8825	
22	3	572	0.9316	
22	4	691	0.9246	
22	5	37	1.0235	
22	6	25	0.7192	
22	7	754	0.9459	
22	8	717	0.9526	
22	9	594	0.9129	
22	10	618	0.8865	
22	11	657	0.8685	
22	12	616	0.8427	
22	13	574	0.9527	
22	14	346	0.8741	
22	15	563	0.9345	
22	16	599	0.9627	
22	17	732	0.8929	
22	18	650	0.9512	
22	19	12	0.4707	C
22	20	12	0.4707	C
22	21	739	0.9539	
22	22	503	0.8919	
22	23	659	0.9356	
22	24	665	0.9257	
22	25	698	0.8757	
22	26	704	0.9467	
22	27	642	0.9444	
22	28	660	0.8212	
22	29	415	0.9184	
22	30	403	0.9563	
22	31	689	0.7378	
22	32	500	0.9574	
22	33	554	0.9633	
22	34	376	0.8642	
22	35	593	0.953	
22	36	522	0.9655	
22	37	197	0.8938	
22	38	206	1.0004	
22	39	567	0.8714	
22	40	719	0.9392	
22	41	683	0.8816	
22	42	765	0.912	
22	43	658	0.8699	
22	44	459	0.854	
22	45	379	0.9575	
22	46	391	0.9131	
22	47	848	0.9222	
22	48	831	0.9237	
23	1	31	0.5626	C
23	2	16	0.5629	C
23	3	894	0.9471	
23	4	762	0.956	
23	5	500	0.9171	
23	6	554	0.8855	
23	7	686	0.8565	
23	8	705	0.9209	
23	9	740	0.9329	
23	10	627	0.8947	
23	11	689	0.9542	
23	12	646	0.9058	
23	13	566	0.886	
23	14	659	0.8893	
23	15	492	0.8555	
23	16	555	0.9519	
23	17	779	0.7204	
23	18	785	0.9466	
23	19	489	0.9363	
23	20	694	0.8707	
23	21	695	0.8927	
23	22	714	0.367	C
23	23	313	0.9694	
23	24	348	0.9313	
23	25	731	0.6998	
23	26	569	0.9573	
23	27	769	0.8024	
23	28	739	0.9539	
23	29	541	0.886	
23	30	682	0.8908	
23	31	818	0.2835	C
23	32	724	0.9457	
23	33	655	0.9231	
23	34	774	0.9441	
23	35	340	0.9826	
23	36	355	0.9339	
23	37	776	0.9622	
23	38	737	0.8606	
23	39	515	0.972	
23	40	684	0.8412	
23	41	569	0.8975	
23	42	666	0.9504	
23	43	500	0.9303	
23	44	750	0.8899	
23	45	564	0.9488	
23	46	899	0.8993	
23	47	784	0.8659	
23	48	861	0.8889	
24	1	22	0.5553	C
24	2	19	0.7452	
24	3	768	0.9523	
24	4	789	0.877	
24	5	447	0.892	
24	6	511	0.9061	
24	7	625	0.9194	
24	8	600	0.9221	
24	9	800	0.9492	
24	10	717	0.8746	
24	11	648	0.9364	
24	12	704	0.8936	
24	13	692	0.9194	
24	14	530	0.9665	
24	15	484	0.9135	
24	16	395	0.9749	
24	17	829	0.8689	
24	18	838	0.4849	C
24	19	565	0.9505	
24	20	782	0.4464	C
24	21	850	0.3454	C
24	22	802	0.8817	
24	23	383	0.9211	
24	24	144	0.9959	
24	25	691	0.8333	
24	26	643	0.7908	
24	27	752	0.9217	
24	28	789	0.8207	
24	29	579	0.9015	
24	30	520	0.9675	
24	31	733	0.9461	
24	32	765	0.9486	
24	33	686	0.9385	
24	34	646	0.9675	
24	35	753	0.9447	
24	36	266	0.984	
24	37	745	0.9569	
24	38	556	0.8656	
24	39	726	0.8929	
24	40	502	0.9027	
24	41	728	0.854	
24	42	759	0.9522	
24	43	521	0.8936	
24	44	752	0.928	
24	45	819	0.8638	
24	46	873	0.8786	
24	47	727	0.8911	
24	48	989	0.9018	
25	1	1021	0.9309	
25	2	882	0.7279	
25	3	284	0.8571	
25	4	231	0.9439	
25	5	586	0.9544	
25	6	582	0.966	
25	7	577	0.8867	
25	8	652	0.9142	
25	9	17	0.6668	
25	10	25	0.7312	
25	11	598	0.9611	
25	12	525	0.944	
25	13	506	0.955	
25	14	616	0.9467	
25	15	482	0.9285	
25	16	429	0.8819	
25	17	56	1.0032	
25	18	87	0.9247	
25	19	731	0.3782	C
25	20	780	0.9483	
25	21	81	0.8051	
25	22	92	0.9918	
25	23	848	0.458	C
25	24	776	0.476	C
25	25	670	0.4656	C
25	26	605	0.9419	
25	27	527	0.9383	
25	28	601	0.8684	
25	29	545	0.9608	
25	30	562	0.9328	
25	31	511	0.8529	
25	32	602	0.9337	
25	33	473	0.9784	
25	34	586	0.8362	
25	35	266	0.8457	
25	36	117	0.9015	
25	37	715	0.9452	
25	38	679	0.9521	
25	39	252	0.9322	
25	40	237	0.9022	
25	41	393	0.813	
25	42	495	0.921	
25	43	465	0.9559	
25	44	723	0.9332	
25	45	37	0.8735	
25	46	39	0.858	
25	47	266	0.885	
25	48	447	0.8866	
26	1	1075	0.9293	
26	2	1003	0.7432	
26	3	202	0.9809	
26	4	263	0.9094	
26	5	637	0.949	
26	6	533	0.9584	
26	7	676	0.8726	
26	8	660	0.9141	
26	9	13	0.239	C
26	10	20	0.5533	C
26	11	687	0.8059	
26	12	563	0.9601	
26	13	616	0.8948	
26	14	512	0.9392	
26	15	390	0.9469	
26	16	230	0.9398	
26	17	65	1.0314	
26	18	96	1.0349	
26	19	756	0.8274	
26	20	607	0.6695	
26	21	110	1.0582	
26	22	89	0.9145	
26	23	883	0.864	
26	24	692	0.9039	
26	25	740	0.6775	
26	26	24	0.8085	
26	27	600	0.8	
26	28	488	0.9538	
26	29	632	0.8022	
26	30	551	0.9636	
26	31	529	0.7881	
26	32	580	0.9149	
26	33	418	0.9108	
26	34	468	0.9282	
26	35	357	0.9719	
26	36	68	0.9782	
26	37	789	0.9514	
26	38	746	0.8711	
26	39	595	0.8865	
26	40	457	0.9395	
26	41	352	0.9821	
26	42	386	0.8814	
26	43	731	0.8857	
26	44	866	0.8913	
26	45	61	0.7818	
26	46	63	0.9996	
26	47	584	0.8231	
26	48	651	0.8606	
27	1	1026	0.9488	
27	2	918	0.6971	
27	3	450	0.6388	
27	4	292	0.9825	
27	5	562	0.9639	
27	6	543	0.6391	
27	7	255	0.8817	
27	8	47	0.9659	
27	9	702	0.4007	C
27	10	850	0.4048	C
27	11	642	0.269	C
27	12	607	0.2992	C
27	13	720	0.9566	
27	14	638	0.3343	C
27	15	710	0.3547	C
27	16	554	0.7768	
27	17	535	0.8073	
27	18	615	0.8371	
27	19	479	0.9642	
27	20	466	0.6699	
27	21	42	0.8631	
27	22	27	0.7897	
27	23	538	0.8728	
27	24	542	0.6558	
27	25	695	0.75	
27	26	708	0.5979	C
27	27	412	0.892	
27	28	231	0.8793	
27	29	677	0.7644	
27	30	442	0.6945	
27	31	602	0.9548	
27	32	587	0.9382	
27	33	551	0.8209	
27	34	695	0.9234	
27	35	733	0.9241	
27	36	732	0.9677	
27	37	636	0.8552	
27	38	670	0.7625	
27	39	721	0.6426	
27	40	610	0.9088	
27	41	569	0.9267	
27	42	795	0.9433	
27	43	550	0.9253	
27	44	648	0.8169	
27	45	727	0.8366	
27	46	595	0.9193	
27	47	603	0.8668	
27	48	617	0.9029	
28	1	1060	0.9039	
28	2	960	0.9422	
28	3	617	0.9192	
28	4	442	0.957	
28	5	636	0.3582	C
28	6	589	0.5071	C
28	7	175	0.8782	
28	8	117	1.029	
28	9	892	0.4839	C
28	10	833	0.3992	C
28	11	707	0.4157	C
28	12	578	0.9167	
28	13	695	0.9234	
28	14	684	0.9591	
28	15	676	0.2825	C
28	16	543	0.9135	
28	17	479	0.6441	
28	18	441	0.6956	
28	19	480	0.3181	C
28	20	650	0.4446	C
28	21	17	0.6668	
28	22	55	0.4274	C
28	23	672	0.1486	C
28	24	633	0.3212	C
28	25	692	0.3907	C
28	26	535	0.6399	
28	27	326	0.903	
28	28	310	0.8959	
28	29	713	0.3626	C
28	30	586	0.7475	
28	31	486	0.8915	
28	32	642	0.936	
28	33	708	0.5996	C
28	34	456	0.2669	C
28	35	800	0.8755	
28	36	747	0.9642	
28	37	666	0.9624	
28	38	657	0.9614	
28	39	653	0.8781	
28	40	674	0.945	
28	41	722	0.9058	
28	42	571	0.9351	
28	43	668	0.9028	
28	44	615	0.9047	
28	45	868	0.9057	
28	46	505	0.9728	
28	47	590	0.8837	
28	48	599	0.8811	
29	1	140	0.8699	
29	2	311	0.8527	
29	3	407	0.8494	
29	4	408	0.9682	
29	5	593	0.4474	C
29	6	653	0.4803	C
29	7	748	0.3728	C
29	8	692	0.428	C
29	9	508	0.2589	C
29	10	613	0.3933	C
29	11	612	0.4238	C
29	12	759	0.8804	
29	13	17	0.5981	C
29	14	20	0.4312	C
29	15	867	0.5815	C
29	16	888	0.5506	C
29	17	646	0.2891	C
29	18	690	0.3627	C
29	19	757	0.401	C
29	20	750	0.2892	C
29	21	697	0.177	C
29	22	786	0.1713	C
29	23	703	0.2522	C
29	24	697	0.3917	C
29	25	656	0.5981	C
29	26	688	0.3134	C
29	27	717	0.3749	C
29	28	571	0.2733	C
29	29	829	0.1616	C
29	30	863	0.2887	C
29	31	706	0.4876	C
29	32	646	0.8838	
29	33	501	0.6338	
29	34	640	0.7781	
29	35	440	0.3545	C
29	36	482	0.956	
29	37	196	0.9932	
29	38	149	0.9504	
29	39	815	0.446	C
29	40	518	0.8764	
29	41	424	0.8461	
29	42	702	0.8409	
29	43	678	0.8856	
29	44	640	0.902	
29	45	737	0.8549	
29	46	865	0.9263	
29	47	687	0.9127	
29	48	1168	0.9127	
30	1	323	0.9748	
30	2	476	0.8856	
30	3	588	0.6485	
30	4	622	0.4754	C
30	5	841	0.4577	C
30	6	870	0.5319	C
30	7	817	0.4949	C
30	8	879	0.5626	C
30	9	677	0.4664	C
30	10	784	0.5303	C
30	11	831	0.9383	
30	12	764	0.8058	
30	13	28	0.7746	
30	14	33	0.8458	
30	15	940	0.5072	C
30	16	947	0.548	C
30	17	745	0.4796	C
30	18	663	0.2978	C
30	19	728	0.3397	C
30	20	779	0.527	C
30	21	821	0.3541	C
30	22	892	0.3723	C
30	23	738	0.3116	C
30	24	727	0.3636	C
30	25	657	0.3136	C
30	26	810	0.3228	C
30	27	649	0.2696	C
30	28	665	0.2787	C
30	29	886	0.4118	C
30	30	567	0.4235	C
30	31	730	0.3646	C
30	32	669	0.5737	C
30	33	558	0.7728	
30	34	595	0.8912	
30	35	380	0.8409	
30	36	674	0.8597	
30	37	118	0.7527	
30	38	58	0.5633	C
30	39	954	0.7582	
30	40	878	0.7017	
30	41	737	0.4448	C
30	42	681	0.8514	
30	43	635	0.9109	
30	44	714	0.9262	
30	45	578	0.8676	
30	46	724	0.9457	
30	47	967	0.8854	
30	48	1111	0.9257	
31	1	568	0.9079	
31	2	465	0.9088	
31	3	1057	0.847	
31	4	910	0.6134	
31	5	811	0.9157	
31	6	797	0.5438	C
31	7	625	0.3879	C
31	8	865	0.4787	C
31	9	446	0.7112	
31	10	600	0.9516	
31	11	43	0.7907	
31	12	450	0.9535	
31	13	781	0.4555	C
31	14	549	0.8241	
31	15	919	0.4519	C
31	16	877	0.5349	C
31	17	823	0.462	C
31	18	747	0.5191	C
31	19	841	0.491	C
31	20	925	0.3846	C
31	21	787	0.2467	C
31	22	753	0.3447	C
31	23	923	0.4905	C
31	24	759	0.355	C
31	25	850	0.3263	C
31	26	903	0.4105	C
31	27	839	0.34	C
31	28	987	0.4415	C
31	29	449	0.9784	
31	30	578	0.7192	
31	31	862	0.6462	
31	32	853	0.9094	
31	33	896	0.873	
31	34	854	0.8844	
31	35	779	0.6243	
31	36	862	0.8995	
31	37	853	0.9378	
31	38	972	0.9211	
31	39	61	0.7309	
31	40	55	0.9675	
31	41	951	0.9294	
31	42	902	0.8984	
31	43	668	0.8521	
31	44	726	0.816	
31	45	725	0.5577	C
31	46	673	0.9554	
31	47	612	0.9477	
31	48	848	0.8625	
32	1	618	0.9326	
32	2	627	0.9462	
32	3	1112	0.9091	
32	4	1008	0.8799	
32	5	925	0.9269	
32	6	1094	0.9202	
32	7	948	0.9541	
32	8	1070	0.9471	
32	9	1362	0.3752	C
32	10	851	0.1943	C
32	11	193	0.9462	
32	12	331	0.9398	
32	13	900	0.8705	
32	14	796	0.9599	
32	15	1011	0.9218	
32	16	976	0.9091	
32	17	998	0.91	
32	18	948	0.9442	
32	19	996	0.8527	S
32	20	1302	0.3644	S,C
32	21	1298	0.3095	S,C
32	22	1346	0.3186	S,C
32	23	986	0.899	
32	24	981	0.9164	
32	25	1116	0.6943	
32	26	1076	0.9431	
32	27	1080	0.9172	
32	28	1152	0.8692	
32	29	805	0.552	C
32	30	666	0.9338	
32	31	1036	0.9485	
32	32	1030	0.9207	
32	33	1036	0.9446	
32	34	780	0.9406	
32	35	973	0.8107	
32	36	1028	0.9099	
32	37	1147	0.7787	
32	38	957	0.9069	
32	39	93	0.9119	
32	40	109	0.9587	
32	41	1064	0.8771	
32	42	1078	0.6359	
32	43	1092	0.7013	
32	44	1058	0.7712	
32	45	1052	0.7895	
32	46	1329	0.5334	S,C
32	47	905	0.5982	C
32	48	1198	0.9241	
