# gitter v1.0.3 data file generated on Wed Feb 25 11:20:03 2015
# Warning possible misgridding: high count of small colony sizes, high count of low colony circularity
# Flags: S - Colony spill or edge interference, C - Low colony circularity
# row	col	size	circularity	flags
1	1	601	0.9532	
1	2	861	0.9121	
1	3	940	0.8961	
1	4	959	0.8523	
1	5	1104	0.846	
1	6	1024	0.9375	
1	7	685	0.9101	
1	8	783	0.9487	
1	9	1110	0.8674	
1	10	1070	0.8147	
1	11	895	0.7857	
1	12	940	0.8093	
1	13	1150	0.8987	
1	14	1105	0.9332	
1	15	27	0.9929	
1	16	24	0.8826	
1	17	29	0.7481	
1	18	25	0.6916	
1	19	1173	0.6765	
1	20	1225	0.6846	
1	21	729	0.7526	
1	22	544	0.8944	
1	23	22	1.0936	
1	24	19	0.8786	
1	25	728	0.8679	
1	26	456	0.9433	
1	27	865	0.7603	
1	28	731	0.7828	
1	29	964	0.8132	
1	30	16	0.4991	C
1	31	1256	0.8445	
1	32	1220	0.6834	
1	33	1110	0.8407	
1	34	1057	0.8048	
1	35	1084	0.9032	
1	36	1077	0.7901	
1	37	1147	0.9217	
1	38	1104	0.8078	
1	39	1076	0.85	
1	40	1228	0.8826	
1	41	804	0.861	
1	42	891	0.8373	
1	43	1296	0.9247	
1	44	316	0.8062	
1	45	895	0.8969	
1	46	1066	0.9397	
1	47	621	0.8707	
1	48	1205	0.9092	
2	1	896	0.9018	
2	2	656	0.9479	
2	3	837	0.9102	
2	4	705	0.932	
2	5	819	0.9394	
2	6	862	0.9374	
2	7	676	0.8769	
2	8	671	0.9069	
2	9	796	0.8987	
2	10	862	0.9477	
2	11	628	0.9477	
2	12	792	0.8707	
2	13	900	0.7705	
2	14	907	0.8929	
2	15	14	0.5245	C
2	16	14	0.5491	C
2	17	12	0.7805	
2	18	20	0.7494	
2	19	1137	0.5355	C
2	20	1045	0.6751	
2	21	695	0.6119	
2	22	104	0.8605	
2	23	11	0.5194	C
2	24	16	0.7954	
2	25	266	0.9146	
2	26	14	1.4354	
2	27	573	0.9039	
2	28	725	0.7838	
2	29	25	1.078	
2	30	882	0.8762	
2	31	899	0.8748	
2	32	12	0.8826	
2	33	1011	0.8912	
2	34	750	0.7361	
2	35	892	0.8978	
2	36	1023	0.833	
2	37	983	0.6814	
2	38	909	0.6771	
2	39	969	0.6619	
2	40	683	0.786	
2	41	584	0.9437	
2	42	819	0.8508	
2	43	606	0.8039	
2	44	393	0.9117	
2	45	728	0.8247	
2	46	547	0.8676	
2	47	631	0.9401	
2	48	1175	0.8445	
3	1	32	1.078	
3	2	24	1.0061	
3	3	640	0.8563	
3	4	604	0.9404	
3	5	628	0.9651	
3	6	685	0.9211	
3	7	629	0.8159	
3	8	171	0.9087	
3	9	833	0.8769	
3	10	786	0.8875	
3	11	14	0.8385	
3	12	17	0.637	
3	13	856	0.8315	
3	14	840	0.7824	
3	15	238	0.8731	
3	16	319	0.9628	
3	17	1032	0.5344	C
3	18	1030	0.7624	
3	19	854	0.5645	C
3	20	793	0.7551	
3	21	1082	0.6669	
3	22	1036	0.7685	
3	23	1093	0.8256	
3	24	1181	0.7675	
3	25	12	0.5839	C
3	26	14	0.6474	
3	27	1003	0.8929	
3	28	843	0.7496	
3	29	17	0.7861	
3	30	9	0.5712	C
3	31	10	0.3922	C
3	32	13	0.4781	C
3	33	1060	0.7367	
3	34	698	0.53	C
3	35	5	0.7355	
3	36	206	1.01	
3	37	402	0.7511	
3	38	514	0.6829	
3	39	470	0.7983	
3	40	723	0.7544	
3	41	467	0.9206	
3	42	644	0.7555	
3	43	623	0.845	
3	44	722	0.8336	
3	45	1052	0.7967	
3	46	963	0.9181	
3	47	165	0.9885	
3	48	1214	0.8996	
4	1	33	1.1117	
4	2	20	0.7355	
4	3	673	0.9485	
4	4	594	0.9599	
4	5	679	0.9021	
4	6	757	0.8587	
4	7	265	0.909	
4	8	265	0.9609	
4	9	760	0.9271	
4	10	769	0.892	
4	11	14	0.8385	
4	12	14	0.8385	
4	13	753	0.6214	
4	14	856	0.4015	C
4	15	199	0.8695	
4	16	89	0.5513	C
4	17	859	0.3997	C
4	18	936	0.7664	
4	19	565	0.7113	
4	20	773	0.846	
4	21	912	0.8176	
4	22	949	0.7983	
4	23	1067	0.8975	
4	24	942	0.8134	
4	25	11	0.6981	
4	26	15	0.66	
4	27	982	0.827	
4	28	1028	0.7827	
4	29	13	1.048	
4	30	13	0.8759	
4	31	14	0.5754	C
4	32	12	0.5839	C
4	33	806	0.5823	C
4	34	822	0.8127	
4	35	12	0.6152	
4	36	320	0.822	
4	37	460	0.8403	
4	38	13	0.6462	
4	39	732	0.7899	
4	40	691	0.8669	
4	41	556	0.8499	
4	42	546	0.9186	
4	43	659	0.9356	
4	44	740	0.8822	
4	45	824	0.8433	
4	46	1003	0.8636	
4	47	972	0.8402	
4	48	1193	0.8416	
5	1	1061	0.8756	
5	2	871	0.9429	
5	3	786	0.9075	
5	4	715	0.9229	
5	5	227	0.882	
5	6	480	0.9246	
5	7	706	0.9113	
5	8	708	0.9031	
5	9	234	0.9282	
5	10	338	0.9202	
5	11	841	0.8554	
5	12	780	0.8212	
5	13	599	0.7551	
5	14	637	0.7081	
5	15	572	0.6192	
5	16	584	0.5481	C
5	17	676	0.7983	
5	18	856	0.6169	
5	19	542	0.5431	C
5	20	466	0.5373	C
5	21	12	0.4932	C
5	22	14	0.3668	C
5	23	902	0.8497	
5	24	777	0.8504	
5	25	825	0.6305	
5	26	604	0.8293	
5	27	413	0.6855	
5	28	627	0.7855	
5	29	585	0.7935	
5	30	410	0.4921	C
5	31	908	0.8173	
5	32	761	0.6968	
5	33	681	0.7237	
5	34	682	0.6989	
5	35	250	0.8098	
5	36	216	0.9711	
5	37	818	0.6732	
5	38	518	0.6709	
5	39	825	0.3337	C
5	40	667	0.6107	
5	41	20	0.9942	
5	42	89	0.9459	
5	43	861	0.8363	
5	44	706	0.8087	
5	45	445	0.8698	
5	46	635	0.9582	
5	47	103	0.9177	
5	48	423	0.9159	
6	1	1125	0.9111	
6	2	868	0.8556	
6	3	784	0.9499	
6	4	677	0.8874	
6	5	417	0.9228	
6	6	468	0.9203	
6	7	689	0.4788	C
6	8	681	0.9598	
6	9	349	0.8965	
6	10	209	0.9191	
6	11	766	0.7055	
6	12	767	0.8341	
6	13	599	0.9376	
6	14	499	0.559	C
6	15	631	0.622	
6	16	650	0.7446	
6	17	720	0.778	
6	18	598	0.6669	
6	19	560	0.7133	
6	20	507	0.8938	
6	21	14	0.8385	
6	22	16	0.7954	
6	23	725	0.9248	
6	24	517	0.9167	
6	25	673	0.8941	
6	26	616	0.6351	
6	27	387	0.6547	
6	28	416	0.7094	
6	29	238	0.3891	C
6	30	400	0.6613	
6	31	711	0.8715	
6	32	835	0.908	
6	33	568	0.4336	C
6	34	898	0.5936	C
6	35	202	0.8692	
6	36	126	0.8163	
6	37	917	0.6901	
6	38	456	0.9044	
6	39	683	0.6335	
6	40	757	0.8615	
6	41	16	0.9582	
6	42	218	0.8723	
6	43	836	0.8762	
6	44	651	0.9016	
6	45	935	0.8324	
6	46	471	0.9623	
6	47	805	0.8989	
6	48	43	0.9942	
7	1	28	0.8527	
7	2	18	0.8323	
7	3	627	0.8901	
7	4	674	0.8879	
7	5	326	0.8375	
7	6	401	0.7988	
7	7	666	0.7379	
7	8	621	0.8875	
7	9	522	0.8279	
7	10	385	0.5446	C
7	11	577	0.6597	
7	12	577	0.6824	
7	13	670	0.7772	
7	14	668	0.7687	
7	15	764	0.6552	
7	16	727	0.516	C
7	17	502	0.5215	C
7	18	638	0.4801	C
7	19	771	0.703	
7	20	777	0.9043	
7	21	18	0.6219	
7	22	13	0.6813	
7	23	789	0.9624	
7	24	752	0.9434	
7	25	831	0.8831	
7	26	842	0.9057	
7	27	817	0.7798	
7	28	860	0.7165	
7	29	861	0.7696	
7	30	1024	0.7714	
7	31	15	0.6936	
7	32	10	0.4624	C
7	33	864	0.7678	
7	34	758	0.8558	
7	35	721	0.5411	C
7	36	571	0.673	
7	37	339	0.9182	
7	38	593	0.903	
7	39	728	0.8066	
7	40	823	0.6414	
7	41	564	0.8897	
7	42	575	0.8205	
7	43	285	0.8827	
7	44	370	0.8923	
7	45	522	0.9712	
7	46	446	0.854	
7	47	20	0.8624	
7	48	33	0.9652	
8	1	24	0.8085	
8	2	13	0.346	C
8	3	711	0.8574	
8	4	595	0.9437	
8	5	384	0.9701	
8	6	409	0.9551	
8	7	753	0.908	
8	8	571	0.8475	
8	9	467	0.9458	
8	10	485	0.7386	
8	11	617	0.8696	
8	12	661	0.6113	
8	13	664	0.5796	C
8	14	754	0.6674	
8	15	743	0.5541	C
8	16	730	0.7174	
8	17	486	0.7497	
8	18	518	0.8247	
8	19	727	0.8144	
8	20	772	0.8985	
8	21	15	0.8299	
8	22	19	0.32	C
8	23	699	0.8916	
8	24	663	0.9182	
8	25	828	0.7689	
8	26	761	0.8553	
8	27	862	0.9173	
8	28	846	0.8426	
8	29	891	0.7453	
8	30	881	0.7279	
8	31	12	0.6639	
8	32	20	0.6347	
8	33	709	0.6699	
8	34	698	0.9099	
8	35	539	0.8744	
8	36	704	0.898	
8	37	573	0.9004	
8	38	449	0.8354	
8	39	737	0.8745	
8	40	715	0.8764	
8	41	533	0.9451	
8	42	520	0.8203	
8	43	22	1.0173	
8	44	599	0.95	
8	45	323	0.9404	
8	46	603	0.887	
8	47	25	0.9805	
8	48	41	0.8594	
9	1	1003	0.866	
9	2	820	0.9216	
9	3	9	0.4716	C
9	4	5	0.9248	
9	5	789	0.8514	
9	6	638	0.7401	
9	7	398	0.9445	
9	8	443	0.7495	
9	9	713	0.7252	
9	10	619	0.7587	
9	11	451	0.6412	
9	12	475	0.8677	
9	13	161	0.9403	
9	14	227	0.4181	C
9	15	750	0.6771	
9	16	840	0.7282	
9	17	58	0.596	C
9	18	70	0.6582	
9	19	18	0.6333	
9	20	22	1.0173	
9	21	283	0.7135	
9	22	191	0.8587	
9	23	870	0.4052	C
9	24	761	0.9436	
9	25	357	0.9789	
9	26	509	0.947	
9	27	683	0.8859	
9	28	684	0.8355	
9	29	471	0.611	
9	30	469	0.8553	
9	31	403	0.7467	
9	32	223	0.6071	
9	33	789	0.6563	
9	34	762	0.7097	
9	35	622	0.8235	
9	36	556	0.8623	
9	37	614	0.6476	
9	38	572	0.6635	
9	39	427	0.9105	
9	40	166	0.8822	
9	41	622	0.8721	
9	42	624	0.8611	
9	43	740	0.9284	
9	44	618	0.8559	
9	45	16	1.2898	
9	46	195	0.9785	
9	47	1141	0.8632	
9	48	1072	0.923	
10	1	938	0.8889	
10	2	849	0.8358	
10	3	10	0.6504	
10	4	11	0.5468	C
10	5	726	0.8898	
10	6	611	0.8598	
10	7	519	0.8231	
10	8	428	0.8452	
10	9	681	0.6875	
10	10	644	0.7058	
10	11	435	0.8982	
10	12	520	0.7053	
10	13	191	0.8531	
10	14	114	0.9433	
10	15	794	0.8172	
10	16	880	0.7843	
10	17	79	0.5039	C
10	18	50	0.5262	C
10	19	18	0.8323	
10	20	18	0.662	
10	21	233	0.6343	
10	22	132	1.0171	
10	23	890	0.4613	C
10	24	694	0.9494	
10	25	453	0.8193	
10	26	528	0.7866	
10	27	806	0.9	
10	28	601	0.8396	
10	29	528	0.763	
10	30	399	0.7104	
10	31	319	0.5195	C
10	32	254	0.6342	
10	33	716	0.7811	
10	34	845	0.6206	
10	35	466	0.6375	
10	36	662	0.8415	
10	37	586	0.4421	C
10	38	550	0.4128	C
10	39	844	0.69	
10	40	183	1.0317	
10	41	549	0.8872	
10	42	407	0.9882	
10	43	458	0.9219	
10	44	764	0.8033	
10	45	17	1.1454	
10	46	136	1.0479	
10	47	873	0.4715	C
10	48	1232	0.754	
11	1	912	0.8859	
11	2	701	0.8692	
11	3	498	0.9593	
11	4	528	0.9494	
11	5	678	0.9117	
11	6	671	0.8808	
11	7	604	0.8151	
11	8	620	0.4955	C
11	9	683	0.737	
11	10	616	0.6312	
11	11	743	0.6941	
11	12	763	0.6444	
11	13	694	0.708	
11	14	639	0.5682	C
11	15	685	0.6772	
11	16	759	0.5618	C
11	17	659	0.375	C
11	18	794	0.5479	C
11	19	808	0.5575	C
11	20	791	0.4511	C
11	21	778	0.8542	
11	22	743	0.8286	
11	23	338	0.8021	
11	24	246	0.8847	
11	25	328	0.7964	
11	26	407	0.6809	
11	27	15	0.4315	C
11	28	19	0.7658	
11	29	781	0.5787	C
11	30	643	0.588	C
11	31	851	0.6775	
11	32	827	0.7648	
11	33	14	0.7177	
11	34	16	0.8202	
11	35	719	0.6793	
11	36	689	0.5686	C
11	37	599	0.777	
11	38	571	0.7258	
11	39	389	0.5795	C
11	40	372	0.8828	
11	41	735	0.8554	
11	42	486	0.4527	C
11	43	651	0.7787	
11	44	676	0.6164	
11	45	856	0.6733	
11	46	816	0.497	C
11	47	1137	0.6074	
11	48	1055	0.912	
12	1	733	0.9133	
12	2	573	0.9209	
12	3	519	0.8731	
12	4	475	0.8965	
12	5	737	0.8774	
12	6	684	0.9244	
12	7	594	0.9546	
12	8	513	0.974	
12	9	686	0.7746	
12	10	696	0.7079	
12	11	773	0.6379	
12	12	773	0.5091	C
12	13	688	0.5441	C
12	14	612	0.5448	C
12	15	755	0.6953	
12	16	675	0.7945	
12	17	595	0.407	C
12	18	560	0.795	
12	19	848	0.7231	
12	20	633	0.7451	
12	21	752	0.6837	
12	22	730	0.8307	
12	23	614	0.6351	
12	24	767	0.6452	
12	25	351	0.8807	
12	26	324	0.7814	
12	27	16	0.5884	C
12	28	16	0.6275	
12	29	852	0.7407	
12	30	803	0.669	
12	31	530	0.8283	
12	32	844	0.7941	
12	33	17	0.6987	
12	34	22	0.8868	
12	35	733	0.7971	
12	36	748	0.5938	C
12	37	724	0.8465	
12	38	634	0.7671	
12	39	412	0.9777	
12	40	223	0.9807	
12	41	741	0.5491	C
12	42	438	0.8267	
12	43	858	0.8509	
12	44	774	0.6664	
12	45	637	0.9157	
12	46	900	0.554	C
12	47	1001	0.6322	
12	48	748	0.9275	
13	1	1094	0.9239	
13	2	841	0.887	
13	3	583	0.8576	
13	4	620	0.8482	
13	5	598	0.924	
13	6	557	0.9245	
13	7	15	0.869	
13	8	20	0.4251	C
13	9	618	0.6449	
13	10	517	0.7249	
13	11	725	0.8562	
13	12	758	0.3436	C
13	13	531	0.6477	
13	14	496	0.5471	C
13	15	741	0.4568	C
13	16	778	0.4117	C
13	17	770	0.4627	C
13	18	651	0.7457	
13	19	13	0.6462	
13	20	20	0.3848	C
13	21	689	0.5633	C
13	22	725	0.4537	C
13	23	563	0.8357	
13	24	596	0.6153	
13	25	622	0.7273	
13	26	838	0.8878	
13	27	513	0.8992	
13	28	477	0.8875	
13	29	689	0.7575	
13	30	752	0.8995	
13	31	479	0.8058	
13	32	440	0.9264	
13	33	112	0.5316	C
13	34	22	0.5989	C
13	35	759	0.5518	C
13	36	594	0.7478	
13	37	561	0.8654	
13	38	570	0.8874	
13	39	669	0.9265	
13	40	768	0.787	
13	41	181	0.8591	
13	42	248	0.9923	
13	43	632	0.8397	
13	44	691	0.9071	
13	45	36	1.1424	
13	46	23	0.9271	
13	47	633	0.7969	
13	48	958	0.9133	
14	1	1031	0.9346	
14	2	865	0.9164	
14	3	618	0.893	
14	4	623	0.9451	
14	5	550	0.9253	
14	6	451	0.9827	
14	7	20	0.5533	C
14	8	25	0.5138	C
14	9	661	0.7754	
14	10	534	0.9469	
14	11	738	0.8899	
14	12	769	0.7082	
14	13	493	0.374	C
14	14	561	0.9491	
14	15	642	0.6076	
14	16	661	0.6744	
14	17	772	0.5249	C
14	18	645	0.6416	
14	19	18	0.792	
14	20	21	0.8631	
14	21	716	0.3876	C
14	22	697	0.5461	C
14	23	545	0.7069	
14	24	505	0.8991	
14	25	594	0.8372	
14	26	726	0.5394	C
14	27	423	0.8939	
14	28	386	0.9752	
14	29	730	0.9114	
14	30	658	0.8699	
14	31	391	0.7487	
14	32	493	0.9496	
14	33	24	0.5102	C
14	34	29	1.1374	
14	35	650	0.8848	
14	36	689	0.7029	
14	37	706	0.9333	
14	38	573	0.9332	
14	39	752	0.928	
14	40	949	0.8813	
14	41	281	0.9716	
14	42	302	0.9783	
14	43	706	0.9333	
14	44	692	0.9419	
14	45	24	0.8826	
14	46	113	0.9939	
14	47	1068	0.9323	
14	48	823	0.9502	
15	1	922	0.8737	
15	2	622	0.8941	
15	3	10	0.44	C
15	4	12	0.4707	C
15	5	749	0.9137	
15	6	642	0.7961	
15	7	708	0.6949	
15	8	782	0.4342	C
15	9	475	0.8927	
15	10	550	0.8676	
15	11	33	1.005	
15	12	24	0.7749	
15	13	716	0.6115	
15	14	730	0.6321	
15	15	183	0.3419	C
15	16	121	0.2918	C
15	17	626	0.304	C
15	18	628	0.4566	C
15	19	753	0.5509	C
15	20	671	0.6058	
15	21	678	0.4979	C
15	22	630	0.5927	C
15	23	540	0.8928	
15	24	470	0.8745	
15	25	692	0.6585	
15	26	600	0.9103	
15	27	500	0.9437	
15	28	501	0.9593	
15	29	648	0.9654	
15	30	697	0.8744	
15	31	25	0.8638	
15	32	30	0.7456	
15	33	460	0.8883	
15	34	641	0.9673	
15	35	624	0.8249	
15	36	418	0.9608	
15	37	631	0.8958	
15	38	599	0.8504	
15	39	695	0.4872	C
15	40	566	0.8107	
15	41	670	0.912	
15	42	609	0.9482	
15	43	664	0.9263	
15	44	668	0.8983	
15	45	529	0.9512	
15	46	821	0.8848	
15	47	806	0.8821	
15	48	1046	0.8715	
16	1	744	0.9444	
16	2	752	0.8682	
16	3	13	0.6813	
16	4	16	0.2888	C
16	5	699	0.8978	
16	6	607	0.7145	
16	7	721	0.6268	
16	8	705	0.7492	
16	9	466	0.8976	
16	10	479	0.904	
16	11	27	0.6568	
16	12	25	0.5138	C
16	13	690	0.5371	C
16	14	695	0.9346	
16	15	64	1.078	
16	16	56	0.7067	
16	17	753	0.3711	C
16	18	587	0.7694	
16	19	738	0.5483	C
16	20	760	0.5939	C
16	21	697	0.8953	
16	22	682	0.9061	
16	23	455	0.9555	
16	24	516	0.96	
16	25	670	0.8546	
16	26	707	0.8767	
16	27	453	0.9175	
16	28	558	0.9702	
16	29	657	0.9212	
16	30	710	0.9386	
16	31	33	0.7519	
16	32	34	0.8148	
16	33	595	0.8979	
16	34	458	0.9084	
16	35	606	0.9384	
16	36	670	0.8965	
16	37	649	0.8879	
16	38	424	0.9139	
16	39	745	0.8882	
16	40	348	0.9002	
16	41	472	0.9225	
16	42	715	0.9294	
16	43	761	0.9391	
16	44	753	0.8977	
16	45	287	0.9734	
16	46	787	0.9233	
16	47	919	0.8981	
16	48	1103	0.9278	
17	1	512	0.8498	
17	2	330	0.8984	
17	3	368	0.9848	
17	4	325	0.9295	
17	5	796	0.8244	
17	6	806	0.6689	
17	7	586	0.8116	
17	8	511	0.8764	
17	9	627	0.9223	
17	10	624	0.5931	C
17	11	468	0.9621	
17	12	475	0.8612	
17	13	712	0.6643	
17	14	663	0.5414	C
17	15	654	0.4408	C
17	16	739	0.4135	C
17	17	65	0.7906	
17	18	58	0.8482	
17	19	680	0.3738	C
17	20	699	0.9022	
17	21	17	0.262	C
17	22	14	0.5491	C
17	23	662	0.7918	
17	24	616	0.8575	
17	25	631	0.9401	
17	26	677	0.9493	
17	27	602	0.8922	
17	28	554	0.9688	
17	29	634	0.9161	
17	30	733	0.9304	
17	31	723	0.9287	
17	32	692	0.9039	
17	33	707	0.9624	
17	34	732	0.9077	
17	35	538	0.9355	
17	36	655	0.9231	
17	37	478	0.9539	
17	38	598	0.3368	C
17	39	719	0.9235	
17	40	784	0.9563	
17	41	24	0.8826	
17	42	19	0.7809	
17	43	13	0.8759	
17	44	27	0.7642	
17	45	710	0.9548	
17	46	872	0.9296	
17	47	33	0.6472	
17	48	231	0.8793	
18	1	502	0.9208	
18	2	363	0.8874	
18	3	403	0.9851	
18	4	342	0.9217	
18	5	625	0.9031	
18	6	578	0.7143	
18	7	533	0.9141	
18	8	477	0.9519	
18	9	592	0.7961	
18	10	647	0.7058	
18	11	550	0.7712	
18	12	494	0.7721	
18	13	651	0.618	
18	14	651	0.464	C
18	15	714	0.723	
18	16	721	0.7388	
18	17	352	0.4064	C
18	18	68	0.9405	
18	19	796	0.501	C
18	20	706	0.8542	
18	21	21	0.559	C
18	22	25	0.7144	
18	23	713	0.9095	
18	24	635	0.8436	
18	25	668	0.8769	
18	26	628	0.8962	
18	27	556	0.9536	
18	28	630	0.9682	
18	29	619	0.9513	
18	30	727	0.9384	
18	31	718	0.9655	
18	32	687	0.9238	
18	33	669	0.8888	
18	34	580	0.9149	
18	35	685	0.9211	
18	36	626	0.9277	
18	37	476	0.9441	
18	38	504	0.9063	
18	39	726	0.9325	
18	40	639	0.952	
18	41	27	0.7075	
18	42	35	1.0481	
18	43	27	0.6568	
18	44	26	0.7192	
18	45	815	0.8634	
18	46	800	0.9134	
18	47	223	0.9807	
18	48	139	0.946	
19	1	934	0.9223	
19	2	768	0.901	
19	3	609	0.8583	
19	4	619	0.8945	
19	5	695	0.9346	
19	6	702	0.944	
19	7	233	0.9053	
19	8	251	0.9836	
19	9	627	0.8504	
19	10	623	0.9401	
19	11	684	0.6656	
19	12	695	0.7069	
19	13	586	0.5381	C
19	14	664	0.6825	
19	15	671	0.7988	
19	16	700	0.5399	C
19	17	691	0.7741	
19	18	759	0.5147	C
19	19	39	0.5394	C
19	20	76	1.0512	
19	21	315	0.9756	
19	22	427	0.8833	
19	23	694	0.8853	
19	24	695	0.7822	
19	25	428	0.8668	
19	26	510	0.9824	
19	27	487	0.9659	
19	28	483	0.8564	
19	29	62	0.8383	
19	30	62	1.0906	
19	31	622	0.9559	
19	32	589	0.9466	
19	33	27	0.8568	
19	34	35	0.6864	
19	35	650	0.9161	
19	36	819	0.9104	
19	37	402	0.924	
19	38	330	0.9781	
19	39	738	0.9259	
19	40	794	0.9107	
19	41	766	0.961	
19	42	811	0.878	
19	43	640	0.9248	
19	44	152	0.9344	
19	45	114	0.8364	
19	46	390	0.9317	
19	47	976	0.5412	C
19	48	1184	0.6085	
20	1	975	0.7569	
20	2	721	0.9418	
20	3	709	0.9	
20	4	740	0.9284	
20	5	686	0.9385	
20	6	673	0.9207	
20	7	218	0.8908	
20	8	204	0.8591	
20	9	682	0.8158	
20	10	627	0.8535	
20	11	721	0.8458	
20	12	712	0.8685	
20	13	647	0.6552	
20	14	653	0.9485	
20	15	709	0.9534	
20	16	768	0.5133	C
20	17	692	0.7788	
20	18	717	0.9146	
20	19	79	0.8816	
20	20	57	0.3467	C
20	21	33	0.9129	
20	22	247	0.9402	
20	23	767	0.9511	
20	24	644	0.4196	C
20	25	566	0.8541	
20	26	630	0.9151	
20	27	457	0.9744	
20	28	602	0.8699	
20	29	95	0.8734	
20	30	222	1.0073	
20	31	653	0.9436	
20	32	819	0.8771	
20	33	28	0.6474	
20	34	134	1.0325	
20	35	669	0.9498	
20	36	776	0.9251	
20	37	367	0.9588	
20	38	297	0.8433	
20	39	596	0.9209	
20	40	477	0.9133	
20	41	600	0.867	
20	42	558	0.9138	
20	43	140	0.9421	
20	44	680	0.9704	
20	45	199	1.0084	
20	46	186	0.9119	
20	47	950	0.549	C
20	48	1138	0.9481	
21	1	919	0.9347	
21	2	757	0.9497	
21	3	747	0.9529	
21	4	681	0.9158	
21	5	191	0.9364	
21	6	145	1.0143	
21	7	669	0.8996	
21	8	649	0.9147	
21	9	725	0.5173	C
21	10	670	0.9166	
21	11	272	0.9944	
21	12	317	0.964	
21	13	649	0.6436	
21	14	611	0.9103	
21	15	39	0.9288	
21	16	38	0.708	
21	17	619	0.783	
21	18	656	0.9529	
21	19	32	0.5884	C
21	20	33	0.9882	
21	21	853	0.9037	
21	22	659	0.8862	
21	23	721	0.9045	
21	24	569	0.8907	
21	25	621	0.8707	
21	26	540	0.952	
21	27	629	0.9371	
21	28	666	0.9504	
21	29	695	0.946	
21	30	653	0.9556	
21	31	43	1.1267	
21	32	96	0.7044	
21	33	698	0.9273	
21	34	555	0.9337	
21	35	611	0.9691	
21	36	574	0.9225	
21	37	570	0.9461	
21	38	696	0.9091	
21	39	602	0.9496	
21	40	688	0.9365	
21	41	120	0.9246	
21	42	429	0.9009	
21	43	729	0.904	
21	44	692	0.9584	
21	45	24	0.8085	
21	46	33	1.0472	
21	47	948	0.7576	
21	48	1170	0.6271	
22	1	1048	0.9059	
22	2	875	0.8899	
22	3	773	0.9215	
22	4	731	0.8715	
22	5	185	1.0175	
22	6	151	0.8885	
22	7	689	0.9426	
22	8	658	0.8773	
22	9	736	0.673	
22	10	614	0.9559	
22	11	330	0.8682	
22	12	315	0.8788	
22	13	664	0.798	
22	14	712	0.8829	
22	15	39	1.0219	
22	16	40	0.9586	
22	17	673	0.8585	
22	18	697	0.8787	
22	19	36	0.7398	
22	20	43	0.8433	
22	21	696	0.7895	
22	22	750	0.8441	
22	23	690	0.9167	
22	24	614	0.84	
22	25	562	0.8962	
22	26	675	0.9348	
22	27	631	0.9118	
22	28	651	0.9576	
22	29	544	0.9591	
22	30	697	0.8891	
22	31	65	0.8203	
22	32	76	0.9591	
22	33	523	0.9042	
22	34	583	0.8798	
22	35	530	0.9216	
22	36	630	0.963	
22	37	661	0.9043	
22	38	606	0.8802	
22	39	603	0.9099	
22	40	770	0.9033	
22	41	658	0.9558	
22	42	544	0.9646	
22	43	877	0.9392	
22	44	885	0.9001	
22	45	33	0.9652	
22	46	58	0.8343	
22	47	734	0.9058	
22	48	1367	0.6001	
23	1	45	0.714	
23	2	31	0.9067	
23	3	22	1.3176	
23	4	22	0.3534	C
23	5	756	0.8869	
23	6	684	0.9473	
23	7	636	0.9526	
23	8	596	0.9453	
23	9	562	0.8637	
23	10	591	0.9373	
23	11	495	0.849	
23	12	474	0.913	
23	13	410	0.9424	
23	14	353	0.9849	
23	15	640	0.7036	
23	16	625	0.8732	
23	17	502	0.9474	
23	18	466	0.8923	
23	19	624	0.9017	
23	20	646	0.9383	
23	21	558	0.6729	
23	22	505	0.243	C
23	23	557	0.9297	
23	24	529	0.938	
23	25	567	0.9539	
23	26	631	0.9573	
23	27	34	0.748	
23	28	34	1.0181	
23	29	609	0.9659	
23	30	636	0.9356	
23	31	671	0.9246	
23	32	575	0.9292	
23	33	662	0.9168	
23	34	647	0.9119	
23	35	636	0.919	
23	36	680	0.937	
23	37	331	0.9235	
23	38	310	0.9188	
23	39	708	0.8779	
23	40	674	0.9618	
23	41	406	0.9544	
23	42	507	0.9246	
23	43	15	1.1033	
23	44	260	0.7991	
23	45	859	0.8963	
23	46	932	0.8923	
23	47	441	0.8444	
23	48	1097	0.9264	
24	1	46	0.9642	
24	2	34	0.5769	C
24	3	24	0.5357	C
24	4	33	0.6782	
24	5	725	0.9248	
24	6	729	0.941	
24	7	604	0.8619	
24	8	596	0.9159	
24	9	552	0.9162	
24	10	601	0.9659	
24	11	601	0.8653	
24	12	561	0.8734	
24	13	397	0.9639	
24	14	409	0.9194	
24	15	639	0.9119	
24	16	562	0.8604	
24	17	538	0.736	
24	18	550	0.8091	
24	19	567	0.8163	
24	20	629	0.2066	C
24	21	484	0.9658	
24	22	575	0.8952	
24	23	641	0.9725	
24	24	515	0.9079	
24	25	580	0.8799	
24	26	666	0.9386	
24	27	36	0.7546	
24	28	31	1.0711	
24	29	556	0.9055	
24	30	507	0.93	
24	31	701	0.9427	
24	32	554	0.9144	
24	33	650	0.9442	
24	34	661	0.9155	
24	35	655	0.9585	
24	36	424	0.918	
24	37	466	0.9786	
24	38	139	0.824	
24	39	587	0.9613	
24	40	682	0.9171	
24	41	332	0.9427	
24	42	293	0.9937	
24	43	112	0.815	
24	44	120	0.952	
24	45	667	0.8862	
24	46	656	0.9245	
24	47	637	0.8822	
24	48	574	0.8708	
25	1	985	0.8342	
25	2	797	0.9501	
25	3	550	0.9253	
25	4	496	0.8867	
25	5	558	0.9313	
25	6	592	0.9514	
25	7	594	0.9298	
25	8	692	0.9352	
25	9	624	0.9641	
25	10	647	0.8282	
25	11	626	0.9497	
25	12	731	0.8917	
25	13	515	0.9582	
25	14	403	0.9628	
25	15	369	0.8875	
25	16	417	0.9228	
25	17	574	0.958	
25	18	688	0.9141	
25	19	641	0.8769	
25	20	719	0.8916	
25	21	198	0.9397	
25	22	471	0.9073	
25	23	349	0.9339	
25	24	442	0.9424	
25	25	602	0.8969	
25	26	584	0.886	
25	27	594	0.9599	
25	28	642	0.974	
25	29	562	0.9032	
25	30	593	0.9711	
25	31	32	1.1768	
25	32	32	0.8385	
25	33	551	0.9581	
25	34	541	0.9226	
25	35	570	0.9461	
25	36	642	0.9002	
25	37	592	0.9267	
25	38	554	0.9195	
25	39	18	1.078	
25	40	31	0.9838	
25	41	726	0.9371	
25	42	288	0.969	
25	43	573	0.9564	
25	44	752	0.9389	
25	45	887	0.8705	
25	46	417	0.8757	
25	47	449	0.9721	
25	48	1068	0.9056	
26	1	954	0.9133	
26	2	723	0.9444	
26	3	590	0.9482	
26	4	506	0.9227	
26	5	625	0.9263	
26	6	651	0.8861	
26	7	715	0.934	
26	8	664	0.9196	
26	9	675	0.8262	
26	10	589	0.8511	
26	11	675	0.9077	
26	12	637	0.8777	
26	13	550	0.9618	
26	14	336	0.9782	
26	15	412	0.9622	
26	16	446	0.951	
26	17	623	0.9282	
26	18	609	0.9359	
26	19	675	0.9348	
26	20	785	0.9466	
26	21	306	0.9376	
26	22	28	0.5952	C
26	23	524	0.9368	
26	24	353	0.9131	
26	25	689	0.9154	
26	26	575	0.9292	
26	27	624	0.959	
26	28	533	0.9451	
26	29	544	0.9204	
26	30	591	0.9048	
26	31	30	0.8984	
26	32	26	0.8251	
26	33	470	0.9186	
26	34	570	0.9335	
26	35	464	0.9259	
26	36	558	0.9262	
26	37	488	0.9738	
26	38	526	0.9786	
26	39	35	0.8699	
26	40	30	0.9929	
26	41	635	0.9511	
26	42	681	0.9598	
26	43	566	0.9522	
26	44	677	0.9541	
26	45	645	0.9538	
26	46	854	0.7624	
26	47	1014	0.9472	
26	48	1188	0.893	
27	1	796	0.7258	
27	2	682	0.9171	
27	3	673	0.8791	
27	4	626	0.9326	
27	5	632	0.8753	
27	6	613	0.9133	
27	7	73	0.8439	
27	8	210	0.9967	
27	9	185	0.9284	
27	10	146	0.8747	
27	11	579	0.8019	
27	12	618	0.893	
27	13	617	0.7651	
27	14	572	0.9494	
27	15	495	0.8828	
27	16	543	0.9013	
27	17	605	0.8235	
27	18	587	0.7603	
27	19	294	0.9705	
27	20	253	0.7274	
27	21	311	0.9218	
27	22	268	0.9718	
27	23	454	0.8569	
27	24	472	0.8961	
27	25	551	0.8904	
27	26	521	0.9368	
27	27	541	0.9153	
27	28	484	0.8952	
27	29	484	0.8221	
27	30	600	0.902	
27	31	571	0.9177	
27	32	457	0.9256	
27	33	653	0.8934	
27	34	675	0.861	
27	35	446	0.9169	
27	36	595	0.9144	
27	37	620	0.9073	
27	38	557	0.9424	
27	39	545	0.9586	
27	40	495	0.9734	
27	41	587	0.9613	
27	42	540	0.9085	
27	43	590	0.9186	
27	44	538	0.954	
27	45	21	0.7256	
27	46	387	0.8699	
27	47	36	1.1424	
27	48	209	0.9396	
28	1	853	0.7778	
28	2	586	0.5031	C
28	3	702	0.6401	
28	4	626	0.7238	
28	5	563	0.6377	
28	6	629	0.9371	
28	7	104	0.9872	
28	8	393	0.9178	
28	9	172	1.0304	
28	10	136	0.9513	
28	11	724	0.7694	
28	12	659	0.6723	
28	13	637	0.3625	C
28	14	662	0.8979	
28	15	647	0.3723	C
28	16	517	0.7098	
28	17	558	0.8768	
28	18	511	0.7545	
28	19	391	0.9716	
28	20	332	0.9427	
28	21	257	0.9242	
28	22	268	0.8409	
28	23	477	0.7917	
28	24	349	0.9339	
28	25	483	0.9024	
28	26	527	0.9163	
28	27	588	0.6843	
28	28	561	0.9311	
28	29	406	0.9699	
28	30	629	0.8711	
28	31	560	0.9421	
28	32	461	0.9681	
28	33	614	0.9436	
28	34	647	0.9468	
28	35	392	0.901	
28	36	407	0.8547	
28	37	535	0.9487	
28	38	588	0.9105	
28	39	325	0.9067	
28	40	302	0.9783	
28	41	612	0.9118	
28	42	590	0.9534	
28	43	758	0.8426	
28	44	733	0.9196	
28	45	183	0.8972	
28	46	493	0.8865	
28	47	93	0.818	
28	48	92	0.8197	
29	1	888	0.705	
29	2	644	0.7295	
29	3	562	0.5476	C
29	4	604	0.4037	C
29	5	455	0.9702	
29	6	598	0.9484	
29	7	26	0.7359	
29	8	22	0.387	C
29	9	134	0.9751	
29	10	132	0.9882	
29	11	663	0.3075	C
29	12	498	0.7515	
29	13	671	0.8185	
29	14	630	0.9103	
29	15	479	0.7626	
29	16	520	0.3135	C
29	17	577	0.8707	
29	18	617	0.8651	
29	19	641	0.9147	
29	20	637	0.8671	
29	21	76	0.7381	
29	22	88	0.9487	
29	23	714	0.7911	
29	24	660	0.8875	
29	25	633	0.8199	
29	26	585	0.9108	
29	27	615	0.3817	C
29	28	438	0.8034	
29	29	615	0.9211	
29	30	508	0.9645	
29	31	697	0.8643	
29	32	671	0.918	
29	33	27	0.8568	
29	34	25	0.9194	
29	35	661	0.8634	
29	36	636	0.8308	
29	37	432	0.9072	
29	38	359	0.8717	
29	39	566	0.8977	
29	40	488	0.9596	
29	41	781	0.3753	C
29	42	484	0.9517	
29	43	304	0.9314	
29	44	595	0.7378	
29	45	832	0.9394	
29	46	562	0.8913	
29	47	973	0.8924	
29	48	674	0.9063	
30	1	787	0.6918	
30	2	753	0.3464	C
30	3	575	0.5465	C
30	4	636	0.9356	
30	5	557	0.4493	C
30	6	618	0.5032	C
30	7	26	0.7918	
30	8	37	0.4669	C
30	9	178	0.8727	
30	10	180	0.8092	
30	11	598	0.8459	
30	12	555	0.8802	
30	13	785	0.4373	C
30	14	754	0.4266	C
30	15	590	0.7316	
30	16	659	0.6774	
30	17	596	0.2696	C
30	18	633	0.8616	
30	19	569	0.7469	
30	20	690	0.8801	
30	21	110	0.1548	C
30	22	75	0.7527	
30	23	770	0.3615	C
30	24	707	0.7011	
30	25	719	0.5634	C
30	26	727	0.7993	
30	27	625	0.6071	
30	28	678	0.4942	C
30	29	653	0.5912	C
30	30	510	0.917	
30	31	772	0.6538	
30	32	749	0.6283	
30	33	36	0.8948	
30	34	35	1.0481	
30	35	649	0.5818	C
30	36	623	0.8672	
30	37	331	0.9708	
30	38	328	0.9151	
30	39	642	0.9048	
30	40	553	0.7285	
30	41	652	0.5598	C
30	42	410	0.9276	
30	43	555	0.7687	
30	44	450	0.7329	
30	45	760	0.9424	
30	46	975	0.9471	
30	47	637	0.8777	
30	48	1047	0.9452	
31	1	1069	0.6768	
31	2	823	0.5791	C
31	3	731	0.7914	
31	4	746	0.8822	
31	5	678	0.627	
31	6	725	0.4579	C
31	7	627	0.4252	C
31	8	738	0.3322	C
31	9	791	0.9341	
31	10	740	0.8984	
31	11	535	0.962	
31	12	557	0.3625	C
31	13	837	0.5448	C
31	14	835	0.4782	C
31	15	454	0.4522	C
31	16	360	0.9518	
31	17	977	0.5346	C
31	18	1001	0.4862	C
31	19	671	0.7872	
31	20	659	0.4865	C
31	21	866	0.3428	C
31	22	942	0.5318	C
31	23	845	0.3761	C
31	24	761	0.4334	C
31	25	741	0.3354	C
31	26	664	0.2988	C
31	27	467	0.9458	
31	28	552	0.5084	C
31	29	866	0.7355	
31	30	790	0.5471	C
31	31	718	0.8423	
31	32	896	0.873	
31	33	756	0.9222	
31	34	831	0.7114	
31	35	560	0.5577	C
31	36	442	0.9781	
31	37	868	0.8922	
31	38	625	0.8763	
31	39	848	0.8358	
31	40	791	0.943	
31	41	773	0.9068	
31	42	819	0.9145	
31	43	815	0.8596	
31	44	906	0.8179	
31	45	819	0.8038	
31	46	1008	0.8973	
31	47	665	0.7067	
31	48	1013	0.8893	
32	1	1153	0.9094	
32	2	1065	0.8959	
32	3	875	0.8994	
32	4	892	0.9209	
32	5	817	0.9225	
32	6	889	0.952	
32	7	816	0.8515	
32	8	882	0.6885	
32	9	971	0.898	
32	10	1023	0.9018	
32	11	757	0.9098	
32	12	704	0.942	
32	13	926	0.9088	
32	14	962	0.9116	S
32	15	798	0.901	
32	16	454	0.9083	
32	17	1185	0.7996	
32	18	1218	0.9025	
32	19	738	0.8798	
32	20	734	0.9474	
32	21	965	0.4498	C
32	22	951	0.8921	
32	23	921	0.9229	
32	24	1086	0.9146	
32	25	998	0.9323	
32	26	1000	0.9156	
32	27	837	0.9304	
32	28	620	0.9237	
32	29	1046	0.9443	
32	30	1005	0.9294	
32	31	1027	0.9403	
32	32	1031	0.8877	
32	33	988	0.9175	
32	34	1198	0.7656	
32	35	538	0.9408	
32	36	549	0.7603	
32	37	1152	0.9418	
32	38	958	0.9443	
32	39	1060	0.9475	
32	40	1076	0.8106	
32	41	1012	0.7331	
32	42	952	0.9441	
32	43	1046	0.7314	
32	44	1131	0.5697	C
32	45	1165	0.9104	
32	46	1089	0.6633	S
32	47	1119	0.801	S
32	48	928	0.8295	S
