# gitter v1.0.3 data file generated on Wed Feb 25 11:17:11 2015
# Warning possible misgridding: high count of small colony sizes, high count of low colony circularity
# Flags: S - Colony spill or edge interference, C - Low colony circularity
# row	col	size	circularity	flags
1	1	1215	0.8843	
1	2	1296	0.8929	
1	3	0	NA	
1	4	0	NA	
1	5	1059	0.8543	
1	6	772	0.9057	
1	7	1104	0.9324	
1	8	908	0.9195	
1	9	1005	0.8895	
1	10	1064	0.89	
1	11	999	0.9371	
1	12	1049	0.9006	
1	13	1071	0.8839	
1	14	1193	0.9035	
1	15	882	0.9066	
1	16	1023	0.8523	
1	17	630	0.8092	
1	18	456	0.9139	
1	19	1181	0.8618	
1	20	1166	0.9354	
1	21	992	0.9212	
1	22	1111	0.8546	
1	23	912	0.9457	
1	24	851	0.8031	
1	25	1373	0.9107	
1	26	1226	0.8812	
1	27	976	0.8989	
1	28	1148	0.8855	
1	29	1324	0.8515	
1	30	1224	0.9235	
1	31	1020	0.8604	
1	32	1047	0.9103	
1	33	794	0.8076	
1	34	832	0.9499	
1	35	128	1.0155	
1	36	192	0.8711	
1	37	1325	0.9096	
1	38	1087	0.8769	
1	39	1207	0.8911	
1	40	1013	0.8638	
1	41	1154	0.9434	
1	42	1228	0.843	
1	43	1006	0.7965	
1	44	1136	0.8762	
1	45	658	0.9067	
1	46	853	0.8286	
1	47	1272	0.8732	
1	48	1522	0.8689	
2	1	1547	0.9283	
2	2	1089	0.8903	
2	3	0	NA	
2	4	0	NA	
2	5	632	0.9297	
2	6	829	0.8469	
2	7	770	0.9285	
2	8	895	0.8914	
2	9	815	0.9454	
2	10	742	0.8511	
2	11	860	0.9455	
2	12	946	0.8258	
2	13	875	0.7577	
2	14	658	0.939	
2	15	952	0.7459	
2	16	1036	0.9353	
2	17	394	0.8856	
2	18	473	0.88	
2	19	1187	0.8373	
2	20	756	0.6942	
2	21	963	0.8001	
2	22	921	0.8604	
2	23	173	0.8211	
2	24	390	0.8766	
2	25	823	0.8371	
2	26	852	0.8758	
2	27	727	0.9183	
2	28	629	0.8774	
2	29	1067	0.9135	
2	30	898	0.9173	
2	31	871	0.882	
2	32	826	0.8646	
2	33	420	0.9591	
2	34	778	0.9382	
2	35	236	0.8908	
2	36	117	1.016	
2	37	949	0.8653	
2	38	1201	0.9385	
2	39	755	0.8816	
2	40	1027	0.9053	
2	41	1005	0.7722	
2	42	1050	0.8391	
2	43	870	0.9317	
2	44	901	0.8442	
2	45	584	0.9212	
2	46	808	0.8941	
2	47	1103	0.8898	
2	48	1263	0.9159	
3	1	584	0.9511	
3	2	953	0.9124	
3	3	885	0.8509	
3	4	373	0.9649	
3	5	146	0.8975	
3	6	775	0.961	
3	7	0	NA	
3	8	15	0.3845	C
3	9	795	0.8768	
3	10	649	0.9378	
3	11	652	0.8952	
3	12	482	0.879	
3	13	768	0.9261	
3	14	0	NA	
3	15	775	0.8455	
3	16	849	0.8954	
3	17	0	NA	
3	18	0	NA	
3	19	946	0.8421	
3	20	871	0.72	
3	21	537	0.9467	
3	22	572	0.7151	
3	23	761	0.8827	
3	24	838	0.8744	
3	25	666	0.8343	
3	26	586	0.4393	C
3	27	756	0.8798	
3	28	786	0.8875	
3	29	0	NA	
3	30	0	NA	
3	31	395	0.9311	
3	32	898	0.9038	
3	33	1355	0.8925	
3	34	7	0.9433	
3	35	558	0.885	
3	36	446	0.9089	
3	37	6	0.4707	C
3	38	654	0.9123	
3	39	0	NA	
3	40	449	0.8354	
3	41	251	0.9285	
3	42	429	0.9288	
3	43	539	0.9372	
3	44	647	0.9468	
3	45	832	0.8166	
3	46	661	0.9155	
3	47	792	0.8353	
3	48	1069	0.9028	
4	1	720	0.8842	
4	2	511	0.8764	
4	3	557	0.9122	
4	4	715	0.9229	
4	5	722	0.921	
4	6	913	0.7288	
4	7	12	0.3972	C
4	8	6	0.4707	C
4	9	560	0.9295	
4	10	637	0.9541	
4	11	606	0.8757	
4	12	481	0.8649	
4	13	0	NA	
4	14	0	NA	
4	15	785	0.8498	
4	16	659	0.9081	
4	17	0	NA	
4	18	0	NA	
4	19	1093	0.7897	
4	20	679	0.7865	
4	21	32	0.7398	
4	22	41	0.442	C
4	23	765	0.8104	
4	24	1013	0.7327	
4	25	696	0.8792	
4	26	404	0.6732	
4	27	1010	0.9475	
4	28	777	0.9588	
4	29	0	NA	
4	30	0	NA	
4	31	831	0.7852	
4	32	61	0.6979	
4	33	354	0.8987	
4	34	1069	0.8118	
4	35	337	0.8955	
4	36	671	0.9101	
4	37	558	0.8239	
4	38	548	0.8974	
4	39	208	0.9872	
4	40	411	0.9753	
4	41	665	0.921	
4	42	717	0.9101	
4	43	552	0.9598	
4	44	902	0.9078	
4	45	778	0.9084	
4	46	162	0.9462	
4	47	1152	0.9002	
4	48	932	0.9015	
5	1	0	NA	
5	2	505	0.9728	
5	3	737	0.9139	
5	4	672	0.9037	
5	5	689	0.9	
5	6	716	0.8878	
5	7	483	0.8685	
5	8	368	0.9145	
5	9	764	0.8862	
5	10	778	0.9536	
5	11	470	0.8621	
5	12	692	0.9008	
5	13	662	0.9215	
5	14	655	0.9118	
5	15	854	0.8724	
5	16	663	0.71	
5	17	736	0.7636	
5	18	852	0.8276	
5	19	547	0.7834	
5	20	635	0.7308	
5	21	803	0.8107	
5	22	601	0.8795	
5	23	857	0.8809	
5	24	441	0.8932	
5	25	762	0.87	
5	26	738	0.8828	
5	27	62	0.8919	
5	28	27	0.5821	C
5	29	802	0.8332	
5	30	4	1.078	
5	31	765	0.8874	
5	32	745	0.884	
5	33	783	0.8648	
5	34	714	0.8751	
5	35	680	0.8461	
5	36	611	0.9103	
5	37	776	0.9251	
5	38	815	0.8326	
5	39	79	0.9969	
5	40	395	0.8607	
5	41	0	NA	
5	42	0	NA	
5	43	811	0.9015	
5	44	538	0.888	
5	45	821	0.8792	
5	46	620	0.8847	
5	47	759	0.8307	
5	48	1121	0.8726	
6	1	1419	0.9037	
6	2	15	0.4965	C
6	3	747	0.9326	
6	4	706	0.9006	
6	5	498	0.883	
6	6	724	0.8978	
6	7	380	0.9078	
6	8	536	0.9017	
6	9	722	0.9102	
6	10	520	0.8868	
6	11	669	0.8267	
6	12	286	0.5767	C
6	13	770	0.8373	
6	14	596	0.9159	
6	15	673	0.873	
6	16	369	0.9479	
6	17	630	0.9267	
6	18	651	0.9242	
6	19	654	0.95	
6	20	406	0.9635	
6	21	880	0.957	
6	22	730	0.9583	
6	23	625	0.9605	
6	24	669	0.9265	
6	25	655	0.7963	
6	26	760	0.8503	
6	27	12	0.5839	C
6	28	10	0.4865	C
6	29	647	0.8282	
6	30	91	0.5493	C
6	31	672	0.817	
6	32	653	0.6524	
6	33	436	0.7581	
6	34	614	0.8473	
6	35	888	0.8415	
6	36	694	0.7251	
6	37	734	0.8196	
6	38	714	0.8404	
6	39	652	0.9142	
6	40	502	0.8445	
6	41	0	NA	
6	42	0	NA	
6	43	714	0.871	
6	44	697	0.9326	
6	45	972	0.908	
6	46	791	0.838	
6	47	981	0.9164	
6	48	1014	0.8851	
7	1	799	0.8784	
7	2	1303	0.825	
7	3	623	0.9164	
7	4	745	0.9346	
7	5	581	0.8767	
7	6	586	0.9173	
7	7	625	0.9482	
7	8	743	0.8917	
7	9	0	NA	
7	10	0	NA	
7	11	481	0.8949	
7	12	956	0.6804	
7	13	153	0.8625	
7	14	209	0.819	
7	15	16	0.8852	
7	16	18	0.8323	
7	17	0	NA	
7	18	0	NA	
7	19	873	0.7253	
7	20	955	0.905	
7	21	0	NA	
7	22	0	NA	
7	23	581	0.9215	
7	24	772	0.8621	
7	25	582	0.966	
7	26	756	0.7452	
7	27	820	0.8083	
7	28	716	0.9399	
7	29	745	0.7193	
7	30	610	0.8315	
7	31	531	0.8025	
7	32	533	0.7142	
7	33	597	0.623	
7	34	304	1.0035	
7	35	757	0.785	
7	36	951	0.8743	
7	37	654	0.95	
7	38	659	0.8755	
7	39	454	0.968	
7	40	510	0.9378	
7	41	893	0.8586	
7	42	656	0.8884	
7	43	268	0.9193	
7	44	371	0.8339	
7	45	593	0.8524	
7	46	510	0.8991	
7	47	870	0.8943	
7	48	1002	0.8833	
8	1	1533	0.8567	
8	2	1007	0.9128	
8	3	612	0.8581	
8	4	552	0.8755	
8	5	351	0.8722	
8	6	479	0.9227	
8	7	650	0.8938	
8	8	727	0.9165	
8	9	0	NA	
8	10	2	25.1327	
8	11	1019	0.833	
8	12	985	0.7577	
8	13	409	0.9051	
8	14	14	0.5491	C
8	15	18	0.249	C
8	16	24	0.8826	
8	17	0	NA	
8	18	0	NA	
8	19	966	0.8317	
8	20	974	0.9137	
8	21	0	NA	
8	22	0	NA	
8	23	608	0.9106	
8	24	774	0.9227	
8	25	643	0.8841	
8	26	510	0.9355	
8	27	994	0.8428	
8	28	792	0.839	
8	29	623	0.7392	
8	30	574	0.7322	
8	31	590	0.8985	
8	32	706	0.8389	
8	33	260	0.3874	C
8	34	478	0.9152	
8	35	859	0.8529	
8	36	453	0.8637	
8	37	655	0.8808	
8	38	723	0.9177	
8	39	421	0.9613	
8	40	517	0.899	
8	41	692	0.9584	
8	42	722	0.891	
8	43	290	0.9573	
8	44	357	0.8416	
8	45	594	0.885	
8	46	528	0.9824	
8	47	799	0.9225	
8	48	1082	0.9015	
9	1	964	0.8826	
9	2	754	0.9459	
9	3	677	0.8843	
9	4	285	0.8667	
9	5	603	0.9148	
9	6	629	0.8865	
9	7	658	0.7807	
9	8	738	0.8699	
9	9	621	0.8016	
9	10	641	0.9429	
9	11	597	0.6719	
9	12	539	0.6852	
9	13	871	0.823	
9	14	776	0.9358	
9	15	0	NA	
9	16	0	NA	
9	17	0	NA	
9	18	0	NA	
9	19	483	0.752	
9	20	605	0.793	
9	21	773	0.9172	
9	22	869	0.6184	
9	23	0	NA	
9	24	2	25.1327	
9	25	345	0.9298	
9	26	361	0.912	
9	27	658	0.8786	
9	28	634	0.7808	
9	29	664	0.876	
9	30	599	0.6667	
9	31	566	0.743	
9	32	668	0.6949	
9	33	744	0.6792	
9	34	627	0.8474	
9	35	757	0.7572	
9	36	641	0.8344	
9	37	726	0.8517	
9	38	633	0.8767	
9	39	443	0.9245	
9	40	454	0.882	
9	41	576	0.9051	
9	42	669	0.938	
9	43	779	0.8994	
9	44	877	0.8697	
9	45	785	0.8782	
9	46	391	0.816	
9	47	2	25.1327	
9	48	31	0.8575	
10	1	1069	0.8822	
10	2	828	0.9246	
10	3	846	0.8867	
10	4	578	0.8769	
10	5	777	0.845	
10	6	657	0.8729	
10	7	1039	0.886	
10	8	589	0.8405	
10	9	493	0.899	
10	10	341	0.9514	
10	11	745	0.8228	
10	12	499	0.7914	
10	13	668	0.7401	
10	14	817	0.8248	
10	15	0	NA	
10	16	0	NA	
10	17	0	NA	
10	18	0	NA	
10	19	534	0.7926	
10	20	430	0.9455	
10	21	760	0.773	
10	22	770	0.9241	
10	23	0	NA	
10	24	0	NA	
10	25	450	0.8795	
10	26	454	0.8745	
10	27	705	0.7224	
10	28	603	0.804	
10	29	745	0.687	
10	30	787	0.7645	
10	31	703	0.9228	
10	32	783	0.8841	
10	33	601	0.6049	
10	34	609	0.5788	C
10	35	779	0.6368	
10	36	722	0.5824	C
10	37	787	0.5042	C
10	38	711	0.7817	
10	39	444	0.9407	
10	40	411	0.5279	C
10	41	671	0.7154	
10	42	724	0.8332	
10	43	834	0.927	
10	44	940	0.9461	
10	45	655	0.8808	
10	46	745	0.8882	
10	47	0	NA	
10	48	45	0.8825	
11	1	0	NA	
11	2	0	NA	
11	3	348	0.9313	
11	4	685	0.8842	
11	5	4	1.078	
11	6	1	Inf	
11	7	99	0.7951	
11	8	233	0.9323	
11	9	681	0.7594	
11	10	707	0.8109	
11	11	782	0.9174	
11	12	676	0.7994	
11	13	742	0.4016	C
11	14	733	0.5669	C
11	15	737	0.6267	
11	16	843	0.5654	C
11	17	653	0.6621	
11	18	679	0.7891	
11	19	576	0.8323	
11	20	600	0.7707	
11	21	725	0.8186	
11	22	760	0.8637	
11	23	801	0.7861	
11	24	843	0.8665	
11	25	0	NA	
11	26	0	NA	
11	27	712	0.6958	
11	28	703	0.8209	
11	29	558	0.6719	
11	30	126	1.0426	
11	31	0	NA	
11	32	0	NA	
11	33	1155	0.5091	C
11	34	692	0.4295	C
11	35	646	0.7676	
11	36	747	0.5178	C
11	37	443	0.4658	C
11	38	497	0.8395	
11	39	319	0.5493	C
11	40	1167	0.4866	C
11	41	806	0.5972	C
11	42	685	0.5468	C
11	43	388	0.9269	
11	44	408	0.8971	
11	45	612	0.8843	
11	46	710	0.8263	
11	47	897	0.4709	C
11	48	1184	0.6085	
12	1	0	NA	
12	2	0	NA	
12	3	988	0.9083	
12	4	889	0.892	
12	5	0	NA	
12	6	0	NA	
12	7	183	0.7322	
12	8	56	0.8385	
12	9	716	0.9353	
12	10	536	0.7488	
12	11	696	0.7005	
12	12	562	0.5452	C
12	13	716	0.7528	
12	14	614	0.7614	
12	15	571	0.6087	
12	16	635	0.8225	
12	17	417	0.5249	C
12	18	817	0.5211	C
12	19	476	0.804	
12	20	739	0.7275	
12	21	661	0.8461	
12	22	877	0.9015	
12	23	764	0.6849	
12	24	550	0.7849	
12	25	0	NA	
12	26	0	NA	
12	27	934	0.7185	
12	28	691	0.639	
12	29	44	0.3956	C
12	30	24	0.9413	
12	31	0	NA	
12	32	0	NA	
12	33	316	0.5295	C
12	34	655	0.4192	C
12	35	700	0.5793	C
12	36	814	0.7737	
12	37	881	0.7146	
12	38	253	0.983	
12	39	1101	0.9479	
12	40	193	0.6203	
12	41	508	0.9531	
12	42	775	0.8948	
12	43	303	0.8821	
12	44	474	0.8242	
12	45	549	0.9416	
12	46	639	0.896	
12	47	824	0.9514	
12	48	1024	0.899	
13	1	328	0.9085	
13	2	832	0.9007	
13	3	807	0.9317	
13	4	602	0.8744	
13	5	728	0.7516	
13	6	638	0.9104	
13	7	757	0.5681	C
13	8	747	0.9263	
13	9	0	NA	
13	10	0	NA	
13	11	727	0.8208	
13	12	432	0.5663	C
13	13	787	0.798	
13	14	663	0.8588	
13	15	649	0.5565	C
13	16	862	0.6504	
13	17	560	0.7403	
13	18	618	0.7264	
13	19	698	0.7907	
13	20	824	0.7335	
13	21	209	0.6341	
13	22	161	0.6092	
13	23	561	0.4299	C
13	24	658	0.5704	C
13	25	651	0.3626	C
13	26	911	0.8914	
13	27	733	0.6506	
13	28	727	0.7644	
13	29	675	0.4527	C
13	30	793	0.5351	C
13	31	31	0.8123	
13	32	30	1.0365	
13	33	835	0.6033	
13	34	777	0.6849	
13	35	411	0.6887	
13	36	4	1.078	
13	37	0	NA	
13	38	0	NA	
13	39	853	0.4582	C
13	40	658	0.9226	
13	41	613	0.8812	
13	42	994	0.8937	
13	43	11	0.7411	
13	44	14	0.6037	
13	45	606	0.8981	
13	46	928	0.8976	
13	47	274	0.8121	
13	48	888	0.8768	
14	1	575	0.912	
14	2	830	0.8793	
14	3	628	0.8548	
14	4	686	0.9789	
14	5	481	0.9598	
14	6	731	0.8479	
14	7	596	0.9453	
14	8	702	0.8807	
14	9	0	NA	
14	10	0	NA	
14	11	660	0.9141	
14	12	1005	0.6676	
14	13	644	0.6649	
14	14	616	0.6772	
14	15	749	0.4777	C
14	16	865	0.5086	C
14	17	660	0.4406	C
14	18	646	0.6632	
14	19	763	0.6393	
14	20	817	0.5349	C
14	21	305	0.7456	
14	22	37	0.9695	
14	23	263	0.5271	C
14	24	354	0.6131	
14	25	911	0.7799	
14	26	691	0.6074	
14	27	662	0.6733	
14	28	555	0.5528	C
14	29	644	0.3865	C
14	30	604	0.5377	C
14	31	41	0.5581	C
14	32	29	1.0665	
14	33	810	0.5098	C
14	34	760	0.4373	C
14	35	0	NA	
14	36	0	NA	
14	37	0	NA	
14	38	0	NA	
14	39	646	0.6406	
14	40	498	0.8903	
14	41	513	0.9488	
14	42	618	0.9622	
14	43	36	0.7398	
14	44	28	1.0297	
14	45	730	0.9008	
14	46	752	0.8359	
14	47	452	0.9374	
14	48	983	0.8787	
15	1	0	NA	
15	2	0	NA	
15	3	668	0.9093	
15	4	725	0.9248	
15	5	622	0.8988	
15	6	498	0.9173	
15	7	636	0.9356	
15	8	674	0.8329	
15	9	823	0.8561	
15	10	42	0.8465	
15	11	597	0.8942	
15	12	423	0.957	
15	13	0	NA	
15	14	0	NA	
15	15	488	0.852	
15	16	627	0.4326	C
15	17	504	0.5158	C
15	18	328	0.5371	C
15	19	302	0.4684	C
15	20	310	0.6923	
15	21	786	0.4959	C
15	22	595	0.5662	C
15	23	643	0.6112	
15	24	647	0.8851	
15	25	2	25.1327	
15	26	1	Inf	
15	27	586	0.9726	
15	28	535	0.9432	
15	29	726	0.9483	
15	30	834	0.5325	C
15	31	698	0.4924	C
15	32	848	0.9426	
15	33	465	0.4227	C
15	34	477	0.9461	
15	35	683	0.9185	
15	36	683	0.9747	
15	37	404	0.9225	
15	38	485	0.9286	
15	39	669	0.5427	C
15	40	392	0.9741	
15	41	601	0.9069	
15	42	321	0.9688	
15	43	67	0.6885	
15	44	179	0.9197	
15	45	427	0.8778	
15	46	40	0.7355	
15	47	705	0.8949	
15	48	1180	0.8624	
16	1	0	NA	
16	2	0	NA	
16	3	994	0.9101	
16	4	801	0.9145	
16	5	668	0.8938	
16	6	477	0.9188	
16	7	578	0.9167	
16	8	643	0.9176	
16	9	683	0.9074	
16	10	90	0.6935	
16	11	511	0.9135	
16	12	653	0.9156	
16	13	0	NA	
16	14	0	NA	
16	15	519	0.457	C
16	16	602	0.9252	
16	17	469	0.5271	C
16	18	378	0.8237	
16	19	245	0.9063	
16	20	339	0.8709	
16	21	737	0.4408	C
16	22	703	0.7204	
16	23	529	0.6886	
16	24	647	0.9639	
16	25	0	NA	
16	26	0	NA	
16	27	842	0.5546	C
16	28	626	0.9447	
16	29	754	0.9732	
16	30	685	0.9487	
16	31	709	0.8413	
16	32	593	0.9658	
16	33	728	0.3435	C
16	34	435	0.9627	
16	35	613	0.937	
16	36	644	0.9718	
16	37	648	0.9532	
16	38	164	0.8715	
16	39	528	0.9629	
16	40	829	0.9465	
16	41	19	0.9445	
16	42	16	0.8852	
16	43	67	0.7826	
16	44	66	0.9882	
16	45	460	0.9316	
16	46	136	1.0062	
16	47	947	0.8075	
16	48	1225	0.9363	
17	1	1146	0.9332	
17	2	970	0.9154	
17	3	545	0.9046	
17	4	483	0.917	
17	5	13	0.8251	
17	6	51	0.8699	
17	7	757	0.8881	
17	8	414	0.9162	
17	9	677	0.8696	
17	10	628	0.9075	
17	11	634	0.4968	C
17	12	675	0.4791	C
17	13	651	0.5403	C
17	14	889	0.4029	C
17	15	558	0.9702	
17	16	572	0.5672	C
17	17	823	0.3809	C
17	18	995	0.5109	C
17	19	494	0.4793	C
17	20	328	0.9151	
17	21	16	0.5629	C
17	22	31	0.8575	
17	23	2	25.1327	
17	24	2	Inf	
17	25	748	0.4489	C
17	26	742	0.4989	C
17	27	748	0.9384	
17	28	805	0.9552	
17	29	0	NA	
17	30	0	NA	
17	31	672	0.8431	
17	32	522	0.9519	
17	33	752	0.8546	
17	34	760	0.9379	
17	35	683	0.9029	
17	36	642	0.9277	
17	37	877	0.9392	
17	38	561	0.9567	
17	39	706	0.9494	
17	40	691	0.909	
17	41	698	0.9501	
17	42	714	0.9439	
17	43	255	0.8991	
17	44	764	0.8643	
17	45	747	0.9482	
17	46	689	0.8746	
17	47	616	0.9296	
17	48	860	0.9111	
18	1	1033	0.9017	
18	2	931	0.8823	
18	3	593	0.9405	
18	4	806	0.91	
18	5	1051	0.8445	
18	6	661	0.8997	
18	7	547	0.9699	
18	8	799	0.9373	
18	9	626	0.8418	
18	10	576	0.9433	
18	11	475	0.9479	
18	12	474	0.9459	
18	13	644	0.9143	
18	14	710	0.5034	C
18	15	580	0.9446	
18	16	763	0.9352	
18	17	502	0.9208	
18	18	708	0.4143	C
18	19	586	0.5435	C
18	20	615	0.8999	
18	21	0	NA	
18	22	38	0.5856	C
18	23	0	NA	
18	24	0	NA	
18	25	757	0.4543	C
18	26	865	0.5837	C
18	27	634	0.9446	
18	28	553	0.9616	
18	29	0	NA	
18	30	0	NA	
18	31	878	0.936	
18	32	510	0.9433	
18	33	458	0.9084	
18	34	573	0.9384	
18	35	749	0.8947	
18	36	703	0.8275	
18	37	522	0.9575	
18	38	657	0.9099	
18	39	856	0.9068	
18	40	577	0.9151	
18	41	800	0.8991	
18	42	960	0.9325	
18	43	882	0.9302	
18	44	608	0.9175	
18	45	736	0.9388	
18	46	919	0.8709	
18	47	979	0.8963	
18	48	845	0.9393	
19	1	983	0.9549	
19	2	844	0.9237	
19	3	275	0.9856	
19	4	203	0.8927	
19	5	765	0.9225	
19	6	12	0.5549	C
19	7	343	0.8873	
19	8	410	0.9276	
19	9	690	0.8457	
19	10	928	0.7935	
19	11	576	0.9257	
19	12	476	0.9169	
19	13	571	0.8663	
19	14	376	0.9726	
19	15	579	0.9015	
19	16	697	0.8502	
19	17	3	9.4248	
19	18	3	3.2341	
19	19	897	0.4641	C
19	20	681	0.569	C
19	21	817	0.4679	C
19	22	599	0.48	C
19	23	0	NA	
19	24	1	Inf	
19	25	786	0.9117	
19	26	617	0.9144	
19	27	509	0.947	
19	28	713	0.5061	C
19	29	577	0.9577	
19	30	752	0.9592	
19	31	614	0.9611	
19	32	391	0.965	
19	33	769	0.6732	
19	34	208	0.9351	
19	35	264	0.9129	
19	36	131	0.8816	
19	37	569	0.9144	
19	38	637	0.8822	
19	39	0	NA	
19	40	0	NA	
19	41	789	0.359	C
19	42	1071	0.6764	
19	43	1	Inf	
19	44	0	NA	
19	45	957	0.4749	C
19	46	338	0.9768	
19	47	44	1.0173	
19	48	46	0.9453	
20	1	1067	0.9444	
20	2	1008	0.8595	
20	3	368	0.9681	
20	4	246	0.8817	
20	5	1399	0.928	
20	6	0	NA	
20	7	423	0.8441	
20	8	737	0.9401	
20	9	583	0.896	
20	10	619	0.9222	
20	11	770	0.4079	C
20	12	455	0.9215	
20	13	380	0.9379	
20	14	540	0.952	
20	15	648	0.9315	
20	16	490	0.9439	
20	17	0	NA	
20	18	0	NA	
20	19	764	0.4725	C
20	20	614	0.5878	C
20	21	795	0.3661	C
20	22	392	0.8869	
20	23	1	Inf	
20	24	1	Inf	
20	25	902	0.4856	C
20	26	730	0.9376	
20	27	698	0.9273	
20	28	700	0.868	
20	29	761	0.9436	
20	30	461	0.888	
20	31	335	0.8606	
20	32	331	0.4132	C
20	33	1486	0.8069	
20	34	745	0.4544	C
20	35	95	0.6107	
20	36	91	0.7308	
20	37	491	0.9798	
20	38	870	0.9418	
20	39	0	NA	
20	40	0	NA	
20	41	936	0.9322	
20	42	728	0.6032	
20	43	13	1.048	
20	44	0	NA	
20	45	1013	0.8722	
20	46	1108	0.9486	
20	47	71	0.491	C
20	48	87	0.9247	
21	1	40	0.7696	
21	2	86	0.7804	
21	3	802	0.9199	
21	4	597	0.9175	
21	5	715	0.912	
21	6	576	0.8852	
21	7	301	0.9153	
21	8	809	0.9341	
21	9	555	0.9263	
21	10	601	0.8608	
21	11	621	0.9371	
21	12	442	0.9845	
21	13	617	0.9311	
21	14	632	0.9297	
21	15	30	0.8299	
21	16	116	1.0335	
21	17	0	NA	
21	18	1	Inf	
21	19	803	0.4176	C
21	20	729	0.8791	
21	21	521	0.9501	
21	22	632	0.9466	
21	23	705	0.4412	C
21	24	756	0.8221	
21	25	787	0.331	C
21	26	638	0.8728	
21	27	458	0.914	
21	28	531	0.9107	
21	29	492	0.9477	
21	30	543	0.9764	
21	31	22	1.0704	
21	32	218	1.0115	
21	33	529	0.878	
21	34	389	0.9666	
21	35	686	0.9385	
21	36	656	0.9479	
21	37	1	Inf	
21	38	2	25.1327	
21	39	928	0.3968	C
21	40	992	0.6597	
21	41	68	1.079	
21	42	52	0.9742	
21	43	1012	0.2228	C
21	44	770	0.9241	
21	45	0	NA	
21	46	16	1.4797	
21	47	760	0.906	
21	48	1251	0.9475	
22	1	25	0.4455	C
22	2	16	0.6576	
22	3	928	0.9108	
22	4	570	0.9335	
22	5	825	0.9358	
22	6	662	0.9566	
22	7	646	0.9335	
22	8	740	0.9132	
22	9	841	0.9246	
22	10	966	0.9024	
22	11	499	0.9153	
22	12	696	0.8909	
22	13	570	0.9283	
22	14	716	0.9513	
22	15	42	0.7388	
22	16	22	0.6981	
22	17	0	NA	
22	18	0	NA	
22	19	464	0.9683	
22	20	504	0.965	
22	21	718	0.9159	
22	22	748	0.4203	C
22	23	542	0.8711	
22	24	618	0.9497	
22	25	723	0.3343	C
22	26	702	0.9327	
22	27	595	0.9615	
22	28	545	0.9608	
22	29	593	0.9232	
22	30	723	0.9177	
22	31	29	0.7055	
22	32	15	1.1033	
22	33	375	0.9044	
22	34	423	0.9361	
22	35	803	0.646	
22	36	687	0.6996	
22	37	11	1.1278	
22	38	9	1.2128	
22	39	810	0.9045	
22	40	741	0.9039	
22	41	57	0.8679	
22	42	135	1.0402	
22	43	954	0.4735	C
22	44	1106	0.5416	C
22	45	0	NA	
22	46	0	NA	
22	47	1016	0.9302	
22	48	1105	0.9332	
23	1	68	1.0181	
23	2	747	0.9482	
23	3	966	0.9248	
23	4	536	0.9582	
23	5	822	0.9078	
23	6	554	0.9448	
23	7	0	NA	
23	8	0	NA	
23	9	11	0.7411	
23	10	4	2.5797	
23	11	477	0.8875	
23	12	350	0.327	C
23	13	782	0.9131	
23	14	746	0.8893	
23	15	700	0.9577	
23	16	506	0.8678	
23	17	519	0.9656	
23	18	508	0.9396	
23	19	644	0.9076	
23	20	564	0.9064	
23	21	100	0.4508	C
23	22	1053	0.3136	C
23	23	612	0.9528	
23	24	290	0.9836	
23	25	750	0.2425	C
23	26	722	0.8062	
23	27	571	0.5281	C
23	28	527	0.7325	
23	29	599	0.3232	C
23	30	510	0.8465	
23	31	472	0.9559	
23	32	566	0.9394	
23	33	131	0.7824	
23	34	303	0.8308	
23	35	771	0.696	
23	36	615	0.6607	
23	37	304	0.9925	
23	38	403	0.9263	
23	39	324	0.8993	S
23	40	579	0.5978	C
23	41	0	NA	
23	42	5	3.2246	
23	43	176	0.8629	
23	44	752	0.8115	
23	45	77	0.8593	
23	46	49	1.0271	
23	47	0	NA	
23	48	0	NA	
24	1	116	0.9203	
24	2	834	0.8931	
24	3	617	0.8805	
24	4	552	0.899	
24	5	630	0.9267	
24	6	814	0.4852	C
24	7	0	NA	
24	8	0	NA	
24	9	24	0.6388	
24	10	57	0.9433	
24	11	517	0.9296	
24	12	421	0.9463	
24	13	634	0.9446	
24	14	608	0.9058	
24	15	659	0.9356	
24	16	454	0.9195	
24	17	605	0.8742	
24	18	844	0.8531	
24	19	710	0.2818	C
24	20	585	0.3036	C
24	21	257	0.9701	
24	22	26	1.2925	
24	23	303	0.8821	
24	24	444	0.8806	
24	25	685	0.8738	
24	26	773	0.8471	
24	27	569	0.9318	
24	28	311	0.795	
24	29	728	0.4065	C
24	30	1315	0.6186	
24	31	377	0.9918	
24	32	481	0.8771	
24	33	120	0.952	
24	34	69	0.709	
24	35	634	0.9047	
24	36	770	0.5418	C
24	37	230	0.5521	C
24	38	327	0.9123	
24	39	559	0.6819	
24	40	673	0.5801	C
24	41	19	0.4795	C
24	42	19	0.8786	
24	43	519	0.9713	
24	44	526	0.9021	
24	45	43	0.9013	
24	46	68	0.6759	
24	47	4	1.078	
24	48	6	0.4707	C
25	1	791	0.9584	
25	2	47	0.6326	
25	3	95	0.7537	
25	4	608	0.9058	
25	5	678	0.9117	
25	6	874	0.8667	
25	7	63	0.7283	
25	8	426	0.9165	
25	9	745	0.3769	C
25	10	841	0.3162	C
25	11	365	0.9837	
25	12	256	0.9027	
25	13	185	0.9284	
25	14	623	0.9401	
25	15	778	0.917	
25	16	521	0.8156	
25	17	646	0.8731	
25	18	532	0.8879	
25	19	538	0.954	
25	20	381	0.8212	
25	21	719	0.6689	
25	22	677	0.9215	
25	23	12	0.2466	C
25	24	18	0.2423	C
25	25	725	0.6123	
25	26	745	0.6485	
25	27	10	0.7844	
25	28	25	0.8422	
25	29	566	0.8433	
25	30	570	0.9161	
25	31	51	1.0002	
25	32	78	0.266	C
25	33	650	0.5046	C
25	34	777	0.5993	C
25	35	653	0.9436	
25	36	458	0.914	
25	37	975	0.4958	C
25	38	851	0.4879	C
25	39	759	0.7753	
25	40	930	0.3815	C
25	41	734	0.9058	
25	42	986	0.3806	C
25	43	0	NA	
25	44	19	0.3015	C
25	45	125	0.9248	
25	46	1086	0.8878	
25	47	0	NA	
25	48	0	NA	
26	1	95	0.9899	
26	2	60	0.7221	
26	3	245	0.9139	
26	4	378	0.9616	
26	5	576	0.9257	
26	6	810	0.4098	C
26	7	71	0.4688	C
26	8	75	1.0373	
26	9	868	0.4063	C
26	10	743	0.4334	C
26	11	607	0.916	
26	12	355	0.9183	
26	13	401	0.2726	C
26	14	37	0.7755	
26	15	425	0.9062	
26	16	766	0.3272	C
26	17	535	0.3163	C
26	18	619	0.9341	
26	19	325	0.9883	
26	20	307	0.9336	
26	21	616	0.8901	
26	22	677	0.354	C
26	23	11	0.5765	C
26	24	22	0.2208	C
26	25	603	0.5264	C
26	26	719	0.3191	C
26	27	25	0.7192	
26	28	31	0.2877	C
26	29	451	0.6065	
26	30	243	0.2443	C
26	31	53	0.9323	
26	32	77	0.3334	C
26	33	778	0.359	C
26	34	540	0.3867	C
26	35	376	0.9129	
26	36	547	0.9254	
26	37	969	0.8784	
26	38	1028	0.8887	
26	39	880	0.3909	C
26	40	896	0.4164	C
26	41	928	0.532	C
26	42	765	0.5618	C
26	43	14	0.5754	C
26	44	1	Inf	
26	45	766	0.8383	
26	46	685	0.7998	
26	47	26	0.8251	
26	48	30	1.1767	
27	1	1385	0.8575	
27	2	1088	0.6658	
27	3	0	NA	
27	4	0	NA	
27	5	804	0.8301	
27	6	666	0.9338	
27	7	402	0.7857	
27	8	697	0.9104	
27	9	602	0.8265	
27	10	637	0.909	
27	11	10	0.9248	
27	12	0	NA	
27	13	903	0.5439	C
27	14	601	0.3921	C
27	15	764	0.3785	C
27	16	407	0.9149	
27	17	788	0.4713	C
27	18	717	0.2088	C
27	19	857	0.457	C
27	20	702	0.4393	C
27	21	137	0.1318	C
27	22	1126	0.9083	
27	23	832	0.1847	C
27	24	904	0.3319	C
27	25	630	0.9558	
27	26	562	0.4202	C
27	27	265	0.8207	
27	28	919	0.5937	C
27	29	900	0.363	C
27	30	923	0.3311	C
27	31	795	0.6212	
27	32	838	0.3033	C
27	33	726	0.8489	
27	34	820	0.4117	C
27	35	132	0.4681	C
27	36	189	0.5246	C
27	37	0	NA	
27	38	10	0.6504	
27	39	538	0.3099	C
27	40	676	0.332	C
27	41	855	0.5008	C
27	42	695	0.5298	C
27	43	1112	0.4137	C
27	44	733	0.4934	C
27	45	219	0.539	S,C
27	46	831	0.8899	
27	47	596	0.8879	
27	48	1330	0.646	
28	1	717	0.9526	
28	2	800	0.7273	
28	3	0	NA	
28	4	0	NA	
28	5	509	0.8448	
28	6	477	0.8699	
28	7	623	0.9282	
28	8	404	0.8803	
28	9	933	0.7556	
28	10	861	0.4966	C
28	11	7	0.3873	C
28	12	9	0.7762	
28	13	611	0.8611	
28	14	966	0.5252	C
28	15	603	0.7441	
28	16	365	0.6001	
28	17	954	0.4847	C
28	18	543	0.3555	C
28	19	637	0.4758	C
28	20	583	0.2707	C
28	21	843	0.3594	C
28	22	88	0.1112	C
28	23	573	0.9511	
28	24	522	0.9519	
28	25	39	0.7648	
28	26	189	0.8769	
28	27	258	0.4218	C
28	28	559	0.1872	C
28	29	982	0.352	C
28	30	1012	0.6713	
28	31	512	0.8306	
28	32	587	0.9224	
28	33	878	0.2967	C
28	34	686	0.4686	C
28	35	793	0.3253	C
28	36	619	0.3115	C
28	37	2	25.1327	
28	38	0	NA	
28	39	957	0.9392	
28	40	506	0.4957	C
28	41	809	0.5836	C
28	42	826	0.6028	
28	43	546	0.8907	
28	44	875	0.9515	
28	45	1084	0.6038	
28	46	336	0.9782	
28	47	804	0.8839	
28	48	1437	0.6698	
29	1	56	0.7337	
29	2	1175	0.7572	
29	3	578	0.4176	C
29	4	354	0.3634	C
29	5	336	0.3113	C
29	6	1033	0.6214	
29	7	0	NA	
29	8	0	NA	
29	9	442	0.399	C
29	10	916	0.4362	C
29	11	752	0.483	C
29	12	515	0.3227	C
29	13	55	0.8375	
29	14	559	0.9227	
29	15	536	0.7182	
29	16	238	0.9441	
29	17	813	0.6018	
29	18	695	0.2998	C
29	19	1361	0.7839	
29	20	905	0.8613	
29	21	747	0.7495	
29	22	565	0.8961	
29	23	14	0.5754	C
29	24	12	0.3972	C
29	25	946	0.4011	C
29	26	762	0.3698	C
29	27	810	0.2813	C
29	28	880	0.2756	C
29	29	977	0.696	
29	30	213	0.8449	
29	31	87	0.3743	C
29	32	61	0.4233	C
29	33	910	0.343	C
29	34	716	0.3846	C
29	35	455	0.2187	C
29	36	928	0.3832	C
29	37	0	NA	
29	38	0	NA	
29	39	91	1.0052	
29	40	262	0.8239	S
29	41	871	0.4751	C
29	42	568	0.8776	
29	43	0	NA	
29	44	60	0.8299	
29	45	61	0.7992	
29	46	1050	0.5401	C
29	47	20	0.6347	
29	48	924	0.9108	
30	1	618	0.6946	
30	2	856	0.4654	C
30	3	945	0.5223	C
30	4	918	0.4931	C
30	5	703	0.9501	
30	6	719	0.919	
30	7	9	0.6064	
30	8	29	0.7163	
30	9	904	0.5482	C
30	10	795	0.5294	C
30	11	751	0.9161	
30	12	909	0.5783	C
30	13	55	0.7607	
30	14	124	0.1069	C
30	15	604	0.9163	
30	16	301	0.9394	
30	17	980	0.83	
30	18	947	0.6782	
30	19	148	0.1446	C
30	20	168	0.0709	C
30	21	638	0.4391	C
30	22	332	0.1664	C
30	23	26	0.1717	C
30	24	62	0.1608	C
30	25	992	0.4496	C
30	26	557	0.2711	C
30	27	636	0.6354	
30	28	984	0.398	C
30	29	207	0.1264	C
30	30	179	0.1658	C
30	31	73	0.7983	
30	32	99	0.3268	C
30	33	1036	0.4255	C
30	34	923	0.5035	C
30	35	980	0.5787	C
30	36	838	0.3608	C
30	37	0	NA	
30	38	18	0.2774	C
30	39	145	0.979	
30	40	115	0.3775	C
30	41	1014	0.4093	C
30	42	870	0.5716	C
30	43	92	0.8851	
30	44	85	0.4485	C
30	45	202	0.5706	S,C
30	46	832	0.9291	
30	47	118	0.4339	S,C
30	48	79	0.8945	S
31	1	979	0.6229	
31	2	977	0.7851	
31	3	750	0.9001	
31	4	823	0.6407	
31	5	0	NA	
31	6	0	NA	
31	7	256	0.8614	
31	8	905	0.5183	C
31	9	550	0.3852	C
31	10	1003	0.5713	C
31	11	115	0.1096	C
31	12	938	0.944	
31	13	104	0.1547	C
31	14	1187	0.9072	
31	15	471	0.9539	
31	16	55	0.9102	
31	17	83	1.0637	
31	18	88	0.4416	C
31	19	874	0.5613	C
31	20	873	0.4777	C
31	21	1151	0.353	C
31	22	1119	0.4094	C
31	23	851	0.5343	C
31	24	854	0.4266	C
31	25	906	0.3946	C
31	26	1036	0.4387	C
31	27	641	0.8081	
31	28	520	0.5937	C
31	29	1110	0.4729	C
31	30	1076	0.3659	C
31	31	681	0.8687	
31	32	71	0.6268	
31	33	977	0.4067	C
31	34	401	0.5373	C
31	35	889	0.4182	C
31	36	957	0.611	
31	37	226	0.9433	
31	38	89	0.4618	C
31	39	871	0.6016	
31	40	732	0.772	
31	41	844	0.9279	
31	42	754	0.6429	
31	43	970	0.7234	
31	44	847	0.8192	
31	45	666	0.6576	
31	46	850	0.8814	
31	47	924	0.8756	
31	48	1430	0.8396	
32	1	1517	0.9221	
32	2	1466	0.8941	
32	3	57	0.9433	
32	4	778	0.8983	
32	5	4	4.3121	
32	6	1	Inf	
32	7	1271	0.9022	
32	8	954	0.8965	
32	9	1174	0.9104	
32	10	1088	0.9405	
32	11	812	0.9375	
32	12	83	0.4884	C
32	13	745	0.884	
32	14	171	0.9405	
32	15	113	0.836	
32	16	73	1.1115	
32	17	525	0.5966	C
32	18	154	0.8682	
32	19	1083	0.8854	
32	20	1122	0.9172	
32	21	1208	0.816	
32	22	1382	0.9246	
32	23	1050	0.9256	
32	24	1090	0.8583	
32	25	1148	0.8807	
32	26	742	0.9095	
32	27	528	0.8764	
32	28	265	0.9803	
32	29	955	0.9373	
32	30	1244	0.8467	
32	31	101	0.9587	
32	32	88	1.0324	
32	33	825	0.9419	
32	34	114	0.8534	
32	35	1310	0.9251	
32	36	989	0.7198	
32	37	177	0.8969	
32	38	1742	0.7469	
32	39	1599	0.9015	
32	40	846	0.9447	
32	41	883	0.902	
32	42	988	0.9046	
32	43	1066	0.4255	C
32	44	1186	0.9268	
32	45	1083	0.8575	
32	46	1094	0.9202	
32	47	1247	0.8852	
32	48	1397	0.5904	C
