# gitter v1.0.3 data file generated on Wed Feb 25 11:16:54 2015
# Warning possible misgridding: high count of small colony sizes, high count of low colony circularity
# Flags: S - Colony spill or edge interference, C - Low colony circularity
# row	col	size	circularity	flags
1	1	1767	0.9081	
1	2	96	0.9235	
1	3	1184	0.8853	
1	4	1038	0.9504	
1	5	24	0.9413	
1	6	928	0.8922	
1	7	539	0.9244	
1	8	1040	0.9296	
1	9	921	0.8946	
1	10	1205	0.9126	
1	11	4	1.078	
1	12	0	NA	
1	13	1137	0.877	
1	14	1124	0.9189	
1	15	1121	0.934	
1	16	1027	0.9498	
1	17	981	0.9203	
1	18	951	0.8585	
1	19	1044	0.9425	
1	20	1166	0.8718	
1	21	857	0.8447	
1	22	1060	0.9163	
1	23	1456	0.8838	
1	24	1189	0.9256	
1	25	41	0.7212	
1	26	41	0.6505	
1	27	500	0.9303	
1	28	554	0.8514	
1	29	1190	0.9095	
1	30	1059	0.851	
1	31	812	0.9375	
1	32	754	0.9049	
1	33	1068	0.9323	
1	34	1118	0.9315	
1	35	1327	0.9031	
1	36	1218	0.7955	
1	37	1197	0.8837	
1	38	33	0.8647	
1	39	27	0.7469	
1	40	29	0.8343	
1	41	0	NA	
1	42	0	NA	
1	43	0	NA	
1	44	283	0.886	
1	45	88	0.8466	
1	46	62	0.6684	
1	47	887	0.9215	
1	48	917	0.8602	
2	1	230	0.8579	S
2	2	110	1.0113	
2	3	1029	0.9198	
2	4	1010	0.8903	
2	5	81	0.9364	
2	6	677	0.9329	
2	7	702	0.9327	
2	8	551	0.9023	
2	9	1277	0.8985	
2	10	1406	0.9138	
2	11	7	0.3873	C
2	12	30	0.2748	C
2	13	702	0.944	
2	14	455	0.9555	
2	15	895	0.9339	
2	16	845	0.8504	
2	17	884	0.8438	
2	18	942	0.9245	
2	19	1110	0.9074	
2	20	705	0.8742	
2	21	1123	0.8505	
2	22	828	0.8548	
2	23	943	0.8936	
2	24	970	0.8585	
2	25	23	0.6027	
2	26	22	0.8091	
2	27	633	0.9431	
2	28	225	0.9805	
2	29	1231	0.8706	
2	30	872	0.8738	
2	31	632	0.8677	
2	32	682	0.8657	
2	33	891	0.9062	
2	34	944	0.8694	
2	35	837	0.9202	
2	36	927	0.9289	
2	37	701	0.9048	
2	38	193	1.0155	
2	39	15	0.4568	C
2	40	16	0.8385	
2	41	0	NA	
2	42	0	NA	
2	43	0	NA	
2	44	0	NA	
2	45	84	0.8081	
2	46	64	1.0155	
2	47	734	0.8249	
2	48	742	0.9465	
3	1	1200	0.9256	
3	2	976	0.9579	
3	3	0	NA	
3	4	0	NA	
3	5	595	0.9386	
3	6	686	0.9225	
3	7	153	0.907	
3	8	392	0.8487	
3	9	1	Inf	
3	10	0	NA	
3	11	7	0.4443	C
3	12	746	0.91	
3	13	765	0.9077	
3	14	418	0.8291	
3	15	787	0.949	
3	16	512	0.9206	
3	17	482	0.8667	
3	18	388	0.8722	
3	19	718	0.8576	
3	20	837	0.9556	
3	21	329	0.8742	
3	22	36	0.3736	C
3	23	770	0.889	
3	24	788	0.9141	
3	25	713	0.8697	
3	26	774	0.8739	
3	27	481	0.8316	
3	28	1538	0.9198	
3	29	556	0.9482	
3	30	629	0.9615	
3	31	889	0.8599	
3	32	640	0.9086	
3	33	809	0.9446	
3	34	910	0.9255	
3	35	14	0.4443	C
3	36	562	0.8865	
3	37	0	NA	
3	38	0	NA	
3	39	1351	0.8824	
3	40	948	0.9076	
3	41	818	0.9596	
3	42	1203	0.9077	
3	43	1208	0.9353	
3	44	1372	0.8917	
3	45	302	0.9455	
3	46	604	0.9282	
3	47	0	NA	
3	48	0	NA	
4	1	1126	0.8999	
4	2	504	0.8365	
4	3	0	NA	
4	4	0	NA	
4	5	118	0.9643	
4	6	720	0.8825	
4	7	14	0.8385	
4	8	204	0.9256	
4	9	0	NA	
4	10	0	NA	
4	11	147	1.0283	
4	12	1127	0.8427	
4	13	767	0.866	
4	14	461	0.8477	
4	15	757	0.9234	
4	16	14	0.7177	
4	17	559	0.8623	
4	18	340	0.8449	
4	19	965	0.9145	
4	20	530	0.9665	
4	21	126	0.7492	
4	22	145	0.8846	
4	23	691	0.918	
4	24	708	0.8882	
4	25	98	0.7551	
4	26	6	1.2861	
4	27	4	1.078	
4	28	106	0.9323	
4	29	447	0.9892	
4	30	859	0.9444	
4	31	1092	0.789	
4	32	1117	0.8927	
4	33	814	0.9658	
4	34	883	0.9602	
4	35	80	1.0481	
4	36	314	0.9906	
4	37	0	NA	
4	38	0	NA	
4	39	640	0.9133	
4	40	941	0.9009	
4	41	975	0.8927	
4	42	1000	0.8815	
4	43	649	0.9378	
4	44	752	0.928	
4	45	1006	0.8395	
4	46	687	0.9082	
4	47	0	NA	
4	48	0	NA	
5	1	978	0.8954	
5	2	897	0.8989	
5	3	780	0.9361	
5	4	1003	0.8965	
5	5	0	NA	
5	6	0	NA	
5	7	1053	0.8527	
5	8	766	0.8844	
5	9	420	0.882	
5	10	639	0.9072	
5	11	629	0.8865	
5	12	615	0.7872	
5	13	491	0.834	
5	14	968	0.9119	
5	15	565	0.8749	
5	16	877	0.9291	
5	17	866	0.9036	
5	18	557	0.9245	
5	19	372	0.9623	
5	20	61	0.6483	
5	21	0	NA	
5	22	0	NA	
5	23	1053	0.8305	
5	24	331	0.9011	
5	25	744	0.8972	
5	26	691	0.9406	
5	27	356	0.8448	
5	28	338	0.9597	
5	29	28	0.8886	
5	30	7	0.3873	C
5	31	758	0.8994	
5	32	769	0.949	
5	33	0	NA	
5	34	0	NA	
5	35	480	0.9113	
5	36	114	0.9235	
5	37	749	0.8989	
5	38	849	0.9092	
5	39	0	NA	
5	40	0	NA	
5	41	838	0.9462	
5	42	533	0.8566	
5	43	756	0.8237	
5	44	911	0.9073	
5	45	534	0.7035	
5	46	591	0.8918	
5	47	824	0.892	
5	48	1004	0.8764	
6	1	668	0.8769	
6	2	927	0.8848	
6	3	970	0.8585	
6	4	705	0.8845	
6	5	0	NA	
6	6	0	NA	
6	7	1107	0.5087	C
6	8	477	0.9323	
6	9	734	0.8159	
6	10	431	0.9091	
6	11	422	0.8807	
6	12	541	0.9153	
6	13	729	0.8966	
6	14	704	0.822	
6	15	753	0.8994	
6	16	580	0.8866	
6	17	433	0.9093	
6	18	380	0.9379	
6	19	369	0.804	
6	20	586	0.8543	
6	21	1	Inf	
6	22	0	NA	
6	23	607	0.8771	
6	24	51	0.782	
6	25	752	0.8723	
6	26	636	0.9475	
6	27	1016	0.921	
6	28	1032	0.9097	
6	29	55	0.8879	
6	30	52	0.3499	C
6	31	761	0.9547	
6	32	887	0.9158	
6	33	0	NA	
6	34	0	NA	
6	35	593	0.8915	
6	36	1069	0.8681	
6	37	707	0.8931	
6	38	927	0.933	
6	39	0	NA	
6	40	0	NA	
6	41	612	0.9706	
6	42	631	0.9522	
6	43	638	0.9336	
6	44	724	0.919	
6	45	797	0.8762	
6	46	828	0.9162	
6	47	813	0.8575	
6	48	1158	0.9015	
7	1	990	0.9194	
7	2	344	0.9767	
7	3	399	0.8239	
7	4	845	0.8762	
7	5	516	0.885	
7	6	614	0.9032	
7	7	751	0.9422	
7	8	602	0.8699	
7	9	1036	0.8749	
7	10	822	0.8043	
7	11	0	NA	
7	12	0	NA	
7	13	0	NA	
7	14	0	NA	
7	15	651	0.9016	
7	16	800	0.9134	
7	17	828	0.9497	
7	18	681	0.8895	
7	19	304	0.8318	
7	20	938	0.6987	
7	21	707	0.7654	
7	22	630	0.8412	
7	23	618	0.9091	
7	24	704	0.774	
7	25	91	0.687	
7	26	255	0.8465	
7	27	0	NA	
7	28	0	NA	
7	29	0	NA	
7	30	0	NA	
7	31	535	0.7731	
7	32	300	0.867	
7	33	670	0.8212	
7	34	562	0.9153	
7	35	963	0.9451	
7	36	850	0.9143	
7	37	142	0.9058	
7	38	293	0.9672	
7	39	872	0.847	
7	40	825	0.9315	
7	41	0	NA	
7	42	0	NA	
7	43	771	0.8132	
7	44	732	0.9033	
7	45	966	0.9209	
7	46	1009	0.8808	
7	47	0	NA	
7	48	0	NA	
8	1	756	0.8769	
8	2	542	0.9424	
8	3	759	0.8863	
8	4	594	0.9129	
8	5	1057	0.8005	
8	6	864	0.8865	
8	7	741	0.8499	
8	8	883	0.9355	
8	9	656	0.8975	
8	10	352	0.8409	
8	11	0	NA	
8	12	0	NA	
8	13	0	NA	
8	14	0	NA	
8	15	909	0.8702	
8	16	673	0.9161	
8	17	585	0.8348	
8	18	721	0.6337	
8	19	720	0.9077	
8	20	749	0.8261	
8	21	521	0.7976	
8	22	481	0.582	C
8	23	789	0.9362	
8	24	957	0.832	
8	25	137	0.9854	
8	26	258	0.8681	
8	27	0	NA	
8	28	0	NA	
8	29	0	NA	
8	30	0	NA	
8	31	312	0.7539	
8	32	415	0.9389	
8	33	783	0.8608	
8	34	8	0.3288	C
8	35	941	0.9141	
8	36	811	0.9407	
8	37	404	0.8484	
8	38	886	0.8371	
8	39	702	0.8911	
8	40	739	0.9381	
8	41	0	NA	
8	42	0	NA	
8	43	774	0.9441	
8	44	811	0.9217	
8	45	805	0.9047	
8	46	949	0.9411	
8	47	0	NA	
8	48	0	NA	
9	1	1009	0.9465	
9	2	941	0.9372	
9	3	153	0.9264	
9	4	632	0.9052	
9	5	10	0.4865	C
9	6	193	0.8433	
9	7	333	0.8761	
9	8	435	0.9193	
9	9	352	0.8605	
9	10	1050	0.87	
9	11	454	0.9534	
9	12	297	0.7683	
9	13	1011	0.8572	
9	14	969	0.8662	
9	15	261	0.8234	
9	16	971	0.8838	
9	17	371	0.9219	
9	18	456	0.8606	
9	19	713	0.8841	
9	20	555	0.8688	
9	21	409	0.9706	
9	22	732	0.8265	
9	23	760	0.9379	
9	24	402	0.9761	
9	25	632	0.9297	
9	26	861	0.9466	
9	27	560	0.8766	
9	28	869	0.945	
9	29	12	0.8292	
9	30	24	0.5175	C
9	31	863	0.7934	
9	32	682	0.7072	
9	33	680	0.9003	
9	34	1004	0.9192	
9	35	294	0.8203	
9	36	256	0.8076	
9	37	708	0.8779	
9	38	717	0.9101	
9	39	405	0.8825	
9	40	416	0.9007	
9	41	951	0.9171	
9	42	745	0.9131	
9	43	0	NA	
9	44	0	NA	
9	45	774	0.9184	
9	46	736	0.9343	
9	47	628	0.8915	
9	48	872	0.8908	
10	1	1140	0.8943	
10	2	1015	0.9073	
10	3	852	0.947	
10	4	861	0.8889	
10	5	74	0.6311	
10	6	51	0.8591	
10	7	450	0.8092	
10	8	120	0.8075	
10	9	1186	0.9065	
10	10	267	0.9232	
10	11	565	0.8683	
10	12	664	0.8511	
10	13	747	0.9218	
10	14	646	0.8731	
10	15	613	0.8639	
10	16	279	0.9109	
10	17	266	0.8071	
10	18	382	0.759	
10	19	969	0.8722	
10	20	231	0.8793	
10	21	402	0.9036	
10	22	792	0.9187	
10	23	795	0.8976	
10	24	227	0.8569	
10	25	861	0.9466	
10	26	1081	0.9042	
10	27	727	0.9165	
10	28	866	0.898	
10	29	20	0.3797	C
10	30	17	0.6987	
10	31	843	0.7557	
10	32	770	0.8246	
10	33	584	0.9092	
10	34	869	0.8708	
10	35	242	0.5082	C
10	36	758	0.6644	
10	37	746	0.833	
10	38	646	0.848	
10	39	386	0.8357	
10	40	329	0.9179	
10	41	795	0.5693	C
10	42	433	0.8588	
10	43	0	NA	
10	44	0	NA	
10	45	865	0.8986	
10	46	662	0.9516	
10	47	469	0.9128	
10	48	655	0.8852	
11	1	974	0.8793	
11	2	843	0.8612	
11	3	0	NA	
11	4	0	NA	
11	5	637	0.8671	
11	6	1111	0.8879	
11	7	0	NA	
11	8	0	NA	
11	9	13	0.8251	
11	10	22	0.7601	
11	11	878	0.8591	
11	12	668	0.9415	
11	13	104	0.6738	
11	14	18	0.706	
11	15	864	0.8516	
11	16	709	0.8649	
11	17	741	0.7996	
11	18	600	0.6425	
11	19	591	0.7947	
11	20	620	0.7625	
11	21	524	0.9111	
11	22	891	0.9062	
11	23	763	0.9201	
11	24	957	0.8604	
11	25	558	0.921	
11	26	342	0.931	
11	27	678	0.8338	
11	28	917	0.4399	C
11	29	555	0.6793	
11	30	698	0.7025	
11	31	769	0.734	
11	32	744	0.7798	
11	33	439	0.7753	
11	34	209	0.4698	C
11	35	757	0.8752	
11	36	575	0.9506	
11	37	562	0.8449	
11	38	575	0.481	C
11	39	496	0.9554	
11	40	534	0.9795	
11	41	669	0.5208	C
11	42	774	0.6388	
11	43	665	0.9006	
11	44	698	0.8757	
11	45	721	0.9418	
11	46	677	0.9262	
11	47	994	0.7189	
11	48	1043	0.8335	
12	1	1142	0.9126	
12	2	1027	0.9403	
12	3	0	NA	
12	4	0	NA	
12	5	894	0.937	
12	6	162	0.882	
12	7	0	NA	
12	8	0	NA	
12	9	23	0.5805	C
12	10	26	0.7192	
12	11	1111	0.9383	
12	12	588	0.892	
12	13	19	1.0512	
12	14	26	0.5099	C
12	15	607	0.863	
12	16	544	0.6713	
12	17	468	0.7842	
12	18	715	0.8021	
12	19	665	0.873	
12	20	484	0.7694	
12	21	1120	0.8428	
12	22	1147	0.8733	
12	23	764	0.8963	
12	24	893	0.8921	
12	25	565	0.5137	C
12	26	255	0.7558	
12	27	834	0.8018	
12	28	654	0.7886	
12	29	161	0.4308	C
12	30	736	0.4966	C
12	31	756	0.6873	
12	32	836	0.706	
12	33	459	0.8591	
12	34	419	0.4709	C
12	35	594	0.9546	
12	36	584	0.9511	
12	37	555	0.8344	
12	38	580	0.7157	
12	39	457	0.9537	
12	40	502	0.8099	
12	41	600	0.9291	
12	42	791	0.8696	
12	43	805	0.9089	
12	44	644	0.9424	
12	45	1098	0.5661	C
12	46	892	0.7755	
12	47	901	0.9503	
12	48	1210	0.6076	
13	1	900	0.878	
13	2	457	0.8523	
13	3	496	0.9228	
13	4	701	0.8663	
13	5	16	0.539	C
13	6	22	0.4521	C
13	7	564	0.8748	
13	8	1198	0.8356	
13	9	527	0.8437	
13	10	508	0.8546	
13	11	41	0.2579	C
13	12	3	18.8496	
13	13	1028	0.8348	
13	14	1047	0.7126	
13	15	594	0.7187	
13	16	794	0.7365	
13	17	854	0.6844	
13	18	606	0.6581	
13	19	607	0.7178	
13	20	443	0.7778	
13	21	631	0.6555	
13	22	315	0.4886	C
13	23	533	0.6154	
13	24	574	0.7201	
13	25	642	0.6301	
13	26	507	0.8415	
13	27	598	0.6992	
13	28	552	0.8224	
13	29	501	0.8578	
13	30	712	0.919	
13	31	756	0.6291	
13	32	514	0.9701	
13	33	714	0.8125	
13	34	589	0.5763	C
13	35	53	0.8556	
13	36	83	1.0315	
13	37	764	0.6849	
13	38	670	0.9346	
13	39	652	0.9421	
13	40	713	0.5435	C
13	41	571	0.9177	
13	42	786	0.9433	
13	43	6	2.5721	
13	44	0	NA	
13	45	713	0.9095	
13	46	738	0.8899	
13	47	27	1.059	
13	48	628	0.8445	
14	1	655	0.9231	
14	2	714	0.9326	
14	3	790	0.8862	
14	4	1041	0.9176	
14	5	11	0.8091	
14	6	87	0.7327	
14	7	136	0.9513	
14	8	454	0.9534	
14	9	291	0.869	
14	10	380	0.8677	
14	11	234	0.6728	
14	12	1	Inf	
14	13	861	0.9081	
14	14	769	0.6751	
14	15	748	0.7473	
14	16	576	0.7908	
14	17	407	0.7497	
14	18	23	0.8458	
14	19	331	0.7392	
14	20	619	0.6459	
14	21	234	0.3968	C
14	22	431	0.5498	C
14	23	486	0.6221	
14	24	278	0.925	
14	25	173	0.6135	
14	26	353	0.562	C
14	27	291	0.5382	C
14	28	775	0.7066	
14	29	178	0.5989	C
14	30	622	0.9267	
14	31	891	0.586	C
14	32	998	0.5102	C
14	33	1002	0.6013	
14	34	863	0.9488	
14	35	124	0.4372	C
14	36	41	0.884	
14	37	645	0.9157	
14	38	762	0.8999	
14	39	810	0.8769	
14	40	547	0.7293	
14	41	550	0.9752	
14	42	850	0.8645	
14	43	0	NA	
14	44	0	NA	
14	45	849	0.9437	
14	46	785	0.9466	
14	47	1020	0.9433	
14	48	1194	0.9417	
15	1	1185	0.8412	
15	2	856	0.9515	
15	3	261	0.6866	
15	4	58	0.977	
15	5	353	0.9068	
15	6	966	0.9154	
15	7	822	0.9037	
15	8	450	0.8795	
15	9	263	0.8102	
15	10	346	0.9419	
15	11	949	0.9085	
15	12	618	0.9159	
15	13	102	1.0628	
15	14	107	0.7633	
15	15	452	0.8965	
15	16	256	0.4902	C
15	17	432	0.5126	C
15	18	694	0.616	
15	19	98	0.4244	C
15	20	28	0.657	
15	21	994	0.5979	C
15	22	440	0.5632	C
15	23	557	0.5333	C
15	24	36	0.5119	C
15	25	866	0.8941	
15	26	798	0.6824	
15	27	892	0.5582	C
15	28	723	0.6065	
15	29	128	0.6576	
15	30	123	1.0052	
15	31	448	0.8886	
15	32	698	0.8714	
15	33	530	0.9665	
15	34	310	0.9188	
15	35	695	0.9508	
15	36	578	0.9724	
15	37	583	0.9369	
15	38	697	0.926	
15	39	760	0.9535	
15	40	560	0.912	
15	41	0	NA	
15	42	1	Inf	
15	43	1074	0.9375	
15	44	169	0.8769	
15	45	685	0.9211	
15	46	684	0.9198	
15	47	0	NA	
15	48	0	NA	
16	1	1112	0.9482	
16	2	1009	0.8521	
16	3	92	0.8092	
16	4	148	0.8258	
16	5	1138	0.9392	
16	6	1124	0.8865	
16	7	954	0.9403	
16	8	1033	0.893	
16	9	286	0.9093	
16	10	502	0.8779	
16	11	490	0.7144	
16	12	853	0.8997	
16	13	443	0.9164	
16	14	279	0.798	
16	15	298	0.8676	
16	16	283	0.8698	
16	17	149	0.3979	C
16	18	685	0.5739	C
16	19	37	0.8379	
16	20	26	1.0198	
16	21	447	0.4892	C
16	22	361	0.4889	C
16	23	562	0.6593	
16	24	645	0.5782	C
16	25	38	0.2099	C
16	26	680	0.5328	C
16	27	837	0.9102	
16	28	418	0.9545	
16	29	26	0.8251	
16	30	78	0.5308	C
16	31	631	0.8739	
16	32	592	0.9217	
16	33	321	0.9688	
16	34	48	0.771	
16	35	833	0.9511	
16	36	753	0.8558	
16	37	658	0.9067	
16	38	763	0.8951	
16	39	717	0.9526	
16	40	829	0.9215	
16	41	0	NA	
16	42	0	NA	
16	43	880	0.9527	
16	44	1049	0.651	
16	45	415	0.9268	
16	46	923	0.9098	
16	47	0	NA	
16	48	0	NA	
17	1	0	NA	
17	2	0	NA	
17	3	1011	0.8504	
17	4	651	0.9242	
17	5	777	0.9478	
17	6	652	0.8984	
17	7	302	0.8638	
17	8	382	0.9126	
17	9	679	0.8764	
17	10	817	0.8749	
17	11	777	0.9478	
17	12	554	0.932	
17	13	424	0.9041	
17	14	826	0.8982	
17	15	664	0.5601	C
17	16	711	0.8209	
17	17	420	0.4033	C
17	18	430	0.4341	C
17	19	969	0.5626	C
17	20	25	0.3699	C
17	21	264	0.9309	
17	22	361	0.4605	C
17	23	548	0.8269	
17	24	488	0.7364	
17	25	861	0.5108	C
17	26	743	0.9213	
17	27	134	0.9373	
17	28	20	0.5324	C
17	29	656	0.965	
17	30	999	0.8806	
17	31	47	0.6921	
17	32	69	0.6204	
17	33	748	0.9495	
17	34	800	0.9385	
17	35	197	0.9886	
17	36	32	1.078	
17	37	954	0.9041	
17	38	784	0.9052	
17	39	533	0.9584	
17	40	782	0.9279	
17	41	596	0.9279	
17	42	672	0.9193	
17	43	0	NA	
17	44	0	NA	
17	45	732	0.9448	
17	46	496	0.8795	
17	47	520	0.9042	
17	48	919	0.8549	
18	1	0	NA	
18	2	0	NA	
18	3	454	0.9276	
18	4	752	0.9546	
18	5	771	0.9191	
18	6	1024	0.9206	
18	7	392	0.8675	
18	8	377	0.4284	C
18	9	647	0.9119	
18	10	966	0.8896	
18	11	214	0.8821	
18	12	783	0.9291	
18	13	822	0.5318	C
18	14	718	0.5942	C
18	15	864	0.8163	
18	16	760	0.4443	C
18	17	720	0.9339	
18	18	297	0.4837	C
18	19	527	0.863	
18	20	704	0.5922	C
18	21	323	0.41	C
18	22	157	0.4678	C
18	23	683	0.5546	C
18	24	624	0.8391	
18	25	19	0.4458	C
18	26	354	1.0051	
18	27	710	0.9386	
18	28	118	0.3142	C
18	29	670	0.912	
18	30	589	0.9593	
18	31	43	0.7428	
18	32	40	0.7594	
18	33	738	0.8857	
18	34	969	0.8207	
18	35	449	0.4152	C
18	36	22	0.8629	
18	37	742	0.9309	
18	38	898	0.9038	
18	39	659	0.9523	
18	40	690	0.9122	
18	41	780	0.8807	
18	42	573	0.9039	
18	43	0	NA	
18	44	0	NA	
18	45	706	0.9494	
18	46	448	0.921	
18	47	665	0.8542	
18	48	987	0.922	
19	1	1653	0.8947	
19	2	262	0.8886	
19	3	938	0.8503	
19	4	818	0.9444	
19	5	55	0.391	C
19	6	94	0.9343	
19	7	436	0.87	
19	8	366	0.9095	
19	9	518	0.9314	
19	10	497	0.9574	
19	11	473	0.5418	C
19	12	475	0.915	
19	13	534	0.9158	
19	14	382	0.9126	
19	15	937	0.5179	C
19	16	750	0.9567	
19	17	869	0.5114	C
19	18	694	0.5078	C
19	19	790	0.5298	C
19	20	539	0.4534	C
19	21	837	0.5035	C
19	22	265	0.3829	C
19	23	735	0.8526	
19	24	702	0.8911	
19	25	1174	0.2894	C
19	26	683	0.9577	
19	27	134	0.8455	
19	28	199	1.0224	
19	29	205	0.8742	
19	30	461	0.2315	C
19	31	940	0.3599	C
19	32	606	0.2946	C
19	33	675	0.6865	
19	34	967	0.9033	
19	35	2	25.1327	
19	36	0	NA	
19	37	685	0.9439	
19	38	583	0.9548	
19	39	972	0.4225	C
19	40	1007	0.8913	
19	41	0	NA	
19	42	6	0.4707	C
19	43	0	NA	
19	44	0	NA	
19	45	0	NA	
19	46	4	1.078	
19	47	644	0.758	
19	48	763	0.9096	
20	1	30	1.1033	
20	2	313	0.9694	
20	3	334	0.8726	
20	4	816	0.9421	
20	5	142	0.8824	
20	6	221	0.7436	
20	7	199	0.8946	
20	8	530	0.9344	
20	9	362	0.8934	
20	10	375	0.8959	
20	11	480	0.8878	
20	12	51	0.9378	
20	13	427	0.9304	
20	14	450	0.4611	C
20	15	895	0.528	C
20	16	484	0.8033	
20	17	641	0.9262	
20	18	645	0.932	
20	19	343	0.9179	
20	20	709	0.97	
20	21	560	0.9295	
20	22	366	0.8744	
20	23	411	0.9095	
20	24	824	0.8961	
20	25	962	0.8934	
20	26	965	0.3521	C
20	27	27	0.8363	
20	28	37	0.7604	
20	29	63	0.7663	
20	30	42	1.0765	
20	31	434	0.3913	C
20	32	1034	0.9243	
20	33	933	0.9157	
20	34	341	0.9125	
20	35	0	NA	
20	36	0	NA	
20	37	910	0.7225	
20	38	737	0.9466	
20	39	862	0.5245	C
20	40	721	0.9197	
20	41	5	0.7355	
20	42	0	NA	
20	43	12	0.2353	C
20	44	8	0.7398	
20	45	11	0.7411	
20	46	12	1.1098	
20	47	658	0.9558	
20	48	409	0.9194	
21	1	1052	0.9146	
21	2	1050	0.9256	
21	3	537	0.9337	
21	4	430	0.8581	
21	5	695	0.9188	
21	6	756	0.8911	
21	7	0	NA	
21	8	1	Inf	
21	9	603	0.9564	
21	10	992	0.9174	
21	11	690	0.9279	
21	12	1034	0.3821	C
21	13	907	0.4872	C
21	14	641	0.9147	
21	15	519	0.8901	
21	16	885	0.5323	C
21	17	536	0.9068	
21	18	531	0.9683	
21	19	801	0.4211	C
21	20	699	0.3937	C
21	21	737	0.4383	C
21	22	708	0.8925	
21	23	155	1.0431	
21	24	56	0.1635	C
21	25	8	0.3699	C
21	26	16	0.6899	
21	27	34	0.6252	
21	28	45	0.6738	
21	29	1001	0.2939	C
21	30	691	0.9406	
21	31	8	1.7147	
21	32	22	0.8629	
21	33	46	0.7748	
21	34	211	0.9279	
21	35	690	0.8556	
21	36	516	0.96	
21	37	529	0.9022	
21	38	164	0.9245	
21	39	671	0.8978	
21	40	660	0.9587	
21	41	305	0.9697	
21	42	281	0.9716	
21	43	894	0.8351	
21	44	910	0.9255	
21	45	0	NA	
21	46	2	25.1327	
21	47	1129	0.8282	
21	48	1163	0.6233	
22	1	1187	0.8875	
22	2	1180	0.9136	
22	3	543	0.8612	
22	4	556	0.9055	
22	5	686	0.8855	
22	6	697	0.915	
22	7	3	3.2341	
22	8	1	Inf	
22	9	734	0.8611	
22	10	742	0.9419	
22	11	795	0.9433	
22	12	36	0.8948	
22	13	443	0.8658	
22	14	801	0.7804	
22	15	584	0.9386	
22	16	573	0.9088	
22	17	531	0.9233	
22	18	196	0.9932	
22	19	488	0.8775	
22	20	602	0.9252	
22	21	845	0.4134	C
22	22	864	0.445	C
22	23	55	0.4733	C
22	24	60	0.9929	
22	25	9	0.539	C
22	26	5	6.9813	
22	27	34	0.4454	C
22	28	328	0.9479	
22	29	733	0.3389	C
22	30	723	0.3134	C
22	31	14	0.8385	
22	32	9	0.4716	C
22	33	44	1.0173	
22	34	41	1.0191	
22	35	544	0.5694	C
22	36	486	0.9172	
22	37	374	0.225	C
22	38	265	0.9885	
22	39	676	0.6043	
22	40	497	0.9574	
22	41	281	0.9716	
22	42	417	0.9803	
22	43	590	0.9236	
22	44	542	0.9118	
22	45	0	NA	
22	46	4	1.078	
22	47	829	0.9421	
22	48	1172	0.933	
23	1	1124	0.9365	
23	2	691	0.8627	
23	3	0	NA	
23	4	0	NA	
23	5	739	0.9539	
23	6	622	0.9559	
23	7	634	0.889	
23	8	516	0.941	
23	9	0	NA	
23	10	0	NA	
23	11	3	3.2341	
23	12	7	0.4443	C
23	13	836	0.9191	
23	14	714	0.871	
23	15	738	0.8757	
23	16	704	0.9196	
23	17	506	0.9282	
23	18	597	0.9009	
23	19	767	0.8303	
23	20	537	0.9656	
23	21	849	0.3724	C
23	22	866	0.1428	C
23	23	837	0.3376	C
23	24	864	0.1201	C
23	25	554	0.6469	
23	26	753	0.2857	C
23	27	15	0.562	C
23	28	21	0.9055	
23	29	1179	0.3931	C
23	30	826	0.2797	C
23	31	725	0.3453	C
23	32	1005	0.3767	C
23	33	308	0.9717	
23	34	389	0.8609	
23	35	696	0.8984	
23	36	93	0.4414	C
23	37	939	0.6665	
23	38	663	0.6194	
23	39	681	0.613	
23	40	751	0.6896	
23	41	768	0.8136	
23	42	698	0.9163	
23	43	286	0.8327	
23	44	56	1.0491	
23	45	894	0.9133	
23	46	605	0.947	
23	47	402	0.945	
23	48	458	0.9006	
24	1	1196	0.9433	
24	2	1039	0.8946	
24	3	0	NA	
24	4	0	NA	
24	5	1042	0.5299	C
24	6	727	0.5993	C
24	7	752	0.8682	
24	8	1051	0.5089	C
24	9	3	3.2341	
24	10	1	Inf	
24	11	5	0.7355	
24	12	0	NA	
24	13	44	0.8629	
24	14	37	0.7977	
24	15	800	0.9492	
24	16	440	0.9737	
24	17	630	0.9558	
24	18	776	0.442	C
24	19	900	0.8274	
24	20	480	0.8805	
24	21	662	0.7167	
24	22	790	0.7433	
24	23	550	0.8269	
24	24	638	0.2689	C
24	25	514	0.8815	
24	26	820	0.708	
24	27	37	0.3314	C
24	28	6	3.8695	
24	29	788	0.541	C
24	30	893	0.336	C
24	31	645	0.6609	
24	32	1001	0.5811	C
24	33	347	0.2104	C
24	34	307	0.9099	
24	35	60	0.8299	
24	36	387	0.9777	
24	37	775	0.6501	
24	38	754	0.7324	
24	39	653	0.5661	C
24	40	754	0.5182	C
24	41	710	0.7546	
24	42	1006	0.3208	C
24	43	370	0.9194	
24	44	289	0.4751	C
24	45	847	0.5275	C
24	46	729	0.9299	
24	47	398	0.8486	
24	48	505	0.908	
25	1	874	0.912	
25	2	841	0.8814	
25	3	936	0.7044	
25	4	739	0.6514	
25	5	688	0.9205	
25	6	742	0.9419	
25	7	625	0.4213	C
25	8	870	0.359	C
25	9	708	0.411	C
25	10	925	0.8326	
25	11	1070	0.3932	C
25	12	836	0.9439	
25	13	29	0.8684	
25	14	47	1.1434	
25	15	425	0.7289	
25	16	326	0.8236	
25	17	69	1.1622	
25	18	57	0.9316	
25	19	399	0.9318	
25	20	496	0.9554	
25	21	673	0.7299	
25	22	708	0.3492	C
25	23	785	0.9466	
25	24	813	0.2736	C
25	25	849	0.6549	
25	26	700	0.6275	
25	27	756	0.3437	C
25	28	706	0.6437	
25	29	646	0.2773	C
25	30	634	0.8812	
25	31	338	0.9597	
25	32	300	0.9643	
25	33	967	0.5946	C
25	34	212	0.9408	
25	35	44	0.9487	
25	36	16	0.8852	
25	37	833	0.5846	C
25	38	589	0.917	
25	39	536	0.9068	
25	40	523	0.9593	
25	41	719	0.7966	
25	42	512	0.3083	C
25	43	529	0.6804	
25	44	929	0.5072	C
25	45	557	0.9122	
25	46	695	0.8792	
25	47	227	0.9276	
25	48	600	0.9464	
26	1	642	0.9161	
26	2	494	0.9655	
26	3	944	0.9402	
26	4	821	0.9523	
26	5	960	0.8915	
26	6	540	0.8843	
26	7	1005	0.9073	
26	8	750	0.952	
26	9	688	0.8433	
26	10	378	0.9178	
26	11	543	0.2946	C
26	12	844	0.8675	
26	13	67	0.786	
26	14	180	1.0147	
26	15	637	0.3636	C
26	16	271	0.9501	
26	17	97	0.9967	
26	18	162	0.904	
26	19	526	0.9021	
26	20	436	0.9296	
26	21	805	0.3035	C
26	22	791	0.7797	
26	23	246	0.3568	C
26	24	892	0.3453	C
26	25	687	0.2821	C
26	26	683	0.5387	C
26	27	762	0.5019	C
26	28	547	0.3095	C
26	29	727	0.2986	C
26	30	721	0.373	C
26	31	375	0.242	C
26	32	74	0.7604	
26	33	243	0.9557	
26	34	56	1.1509	
26	35	203	0.1458	C
26	36	51	0.211	C
26	37	867	0.4927	C
26	38	658	0.3895	C
26	39	465	0.9279	
26	40	426	0.9283	
26	41	472	0.9225	
26	42	566	0.6881	
26	43	898	0.388	C
26	44	868	0.6002	
26	45	638	0.8579	
26	46	684	0.8872	
26	47	701	0.9093	
26	48	1120	0.9035	
27	1	0	NA	
27	2	0	NA	
27	3	0	NA	
27	4	0	NA	
27	5	246	0.8796	
27	6	224	0.9941	
27	7	0	NA	
27	8	0	NA	
27	9	805	0.9294	
27	10	745	0.4016	C
27	11	854	0.3656	C
27	12	633	0.3835	C
27	13	501	0.9456	
27	14	268	0.9914	
27	15	930	0.4254	C
27	16	1059	0.5714	C
27	17	3	3.2341	
27	18	13	0.7192	
27	19	20	0.8384	
27	20	25	0.4264	C
27	21	871	0.47	C
27	22	680	0.8531	
27	23	778	0.4121	C
27	24	645	0.7567	
27	25	509	0.6159	
27	26	621	0.257	C
27	27	713	0.2088	C
27	28	942	0.3145	C
27	29	463	0.2539	C
27	30	836	0.2885	C
27	31	815	0.3197	C
27	32	785	0.2239	C
27	33	850	0.321	C
27	34	671	0.3345	C
27	35	809	0.3833	C
27	36	829	0.4547	C
27	37	613	0.93	
27	38	453	0.6724	
27	39	753	0.6197	
27	40	968	0.4912	C
27	41	770	0.9393	
27	42	649	0.4395	C
27	43	504	0.6583	
27	44	647	0.8896	
27	45	429	0.9288	
27	46	616	0.9061	
27	47	669	0.8782	
27	48	336	0.8158	
28	1	54	0.9674	S
28	2	797	0.8353	
28	3	0	NA	
28	4	0	NA	
28	5	257	0.9396	
28	6	32	0.7142	
28	7	0	NA	
28	8	3	37.6991	
28	9	772	0.5862	C
28	10	914	0.4407	C
28	11	619	0.8756	
28	12	695	0.433	C
28	13	383	0.9676	
28	14	189	0.9266	
28	15	712	0.385	C
28	16	554	0.2851	C
28	17	12	0.6289	
28	18	28	0.2132	C
28	19	28	0.3811	C
28	20	33	0.2138	C
28	21	669	0.2967	C
28	22	205	0.2169	C
28	23	635	0.8643	
28	24	582	0.9061	
28	25	898	0.1506	C
28	26	674	0.2125	C
28	27	906	0.2956	C
28	28	981	0.3062	C
28	29	515	0.2398	C
28	30	658	0.5923	C
28	31	827	0.9442	
28	32	1210	0.9164	
28	33	787	0.3535	C
28	34	783	0.7661	
28	35	927	0.463	C
28	36	832	0.4378	C
28	37	398	0.5781	C
28	38	599	0.2979	C
28	39	696	0.4673	C
28	40	498	0.8759	
28	41	841	0.9146	
28	42	805	0.7786	
28	43	852	0.6746	
28	44	643	0.6338	
28	45	698	0.901	
28	46	773	0.9068	
28	47	562	0.8373	
28	48	976	0.9481	
29	1	1397	0.8836	
29	2	988	0.5116	C
29	3	508	0.9588	
29	4	690	0.3844	C
29	5	897	0.4268	C
29	6	416	0.3452	C
29	7	461	0.4459	C
29	8	611	0.9691	
29	9	659	0.4575	C
29	10	774	0.3686	C
29	11	151	0.201	C
29	12	772	0.4666	C
29	13	382	0.3508	C
29	14	218	0.938	
29	15	1002	0.5959	C
29	16	953	0.5338	C
29	17	558	0.8575	
29	18	1241	0.8976	
29	19	924	0.2615	C
29	20	831	0.4543	C
29	21	764	0.4091	C
29	22	919	0.4228	C
29	23	5	0.7355	
29	24	4	1.078	
29	25	884	0.4347	C
29	26	600	0.335	C
29	27	999	0.254	C
29	28	892	0.344	C
29	29	1001	0.3193	C
29	30	575	0.2302	C
29	31	35	0.8699	
29	32	29	0.8022	
29	33	871	0.5574	C
29	34	659	0.3724	C
29	35	559	0.6013	
29	36	650	0.5093	C
29	37	809	0.4393	C
29	38	652	0.432	C
29	39	676	0.6595	
29	40	722	0.486	C
29	41	497	0.4935	C
29	42	580	0.4233	C
29	43	57	0.7586	
29	44	264	0.9129	
29	45	330	0.9179	S
29	46	170	0.9256	
29	47	139	0.8545	
29	48	171	1.0137	
30	1	1232	0.7792	
30	2	1105	0.5709	C
30	3	4	1.078	
30	4	816	0.627	
30	5	533	0.9397	
30	6	759	0.8904	
30	7	500	0.4013	C
30	8	720	0.4046	C
30	9	869	0.4613	C
30	10	675	0.4389	C
30	11	596	0.3902	C
30	12	820	0.4833	C
30	13	772	0.4407	C
30	14	153	0.1821	C
30	15	787	0.9233	
30	16	767	0.9249	
30	17	96	0.2144	C
30	18	97	0.2328	C
30	19	745	0.3306	C
30	20	971	0.5747	C
30	21	746	0.3492	C
30	22	947	0.3845	C
30	23	49	0.2027	C
30	24	115	0.1141	C
30	25	815	0.3309	C
30	26	754	0.6019	
30	27	914	0.8814	
30	28	689	0.7378	
30	29	958	0.9278	
30	30	1053	0.932	
30	31	20	0.8624	
30	32	24	0.7805	
30	33	922	0.3579	C
30	34	778	0.2872	C
30	35	542	0.2542	C
30	36	656	0.4129	C
30	37	625	0.4024	C
30	38	707	0.4049	C
30	39	712	0.3715	C
30	40	711	0.4086	C
30	41	781	0.3571	C
30	42	533	0.9017	
30	43	343	0.4375	C
30	44	301	0.4864	C
30	45	538	0.4588	C
30	46	277	0.765	
30	47	112	0.9638	
30	48	256	0.8614	S
31	1	1014	0.7553	
31	2	793	0.5397	C
31	3	926	0.4958	C
31	4	1178	0.6146	
31	5	0	NA	
31	6	0	NA	
31	7	1021	0.7221	
31	8	875	0.4367	C
31	9	928	0.6443	
31	10	870	0.4639	C
31	11	888	0.4897	C
31	12	1146	0.5724	C
31	13	772	0.3878	C
31	14	939	0.5464	C
31	15	20	0.9248	
31	16	6	0.4707	C
31	17	929	0.5911	C
31	18	1075	0.3883	C
31	19	1109	0.6923	
31	20	1065	0.3724	C
31	21	983	0.3699	C
31	22	993	0.5237	C
31	23	985	0.4143	C
31	24	1108	0.4079	C
31	25	567	0.2751	C
31	26	607	0.6306	
31	27	93	0.8664	
31	28	86	1.0461	
31	29	31	1.0711	
31	30	45	1.2057	
31	31	371	0.7002	
31	32	285	0.8556	
31	33	988	0.3371	C
31	34	1011	0.5103	C
31	35	763	0.5056	C
31	36	785	0.476	C
31	37	605	0.2834	C
31	38	604	0.5399	C
31	39	859	0.2624	C
31	40	1064	0.8346	
31	41	601	0.5942	C
31	42	569	0.8326	
31	43	828	0.9246	
31	44	809	0.8664	
31	45	957	0.8005	
31	46	1012	0.9136	
31	47	856	0.9411	
31	48	914	0.9199	
32	1	1264	0.9366	
32	2	740	0.9505	
32	3	1107	0.9136	
32	4	871	0.9089	
32	5	0	NA	
32	6	0	NA	
32	7	1289	0.9037	
32	8	1061	0.6838	
32	9	1178	0.7997	
32	10	1251	0.9072	
32	11	910	0.9496	
32	12	1202	0.8907	
32	13	903	0.9464	
32	14	935	0.941	
32	15	35	0.6958	
32	16	20	0.2877	C
32	17	1280	0.9248	
32	18	1298	0.9329	
32	19	1202	0.8479	
32	20	1064	0.9417	
32	21	1157	0.9246	
32	22	1108	0.9448	
32	23	1160	0.9184	
32	24	1403	0.8737	
32	25	798	0.8364	
32	26	678	0.5633	C
32	27	83	0.8948	
32	28	113	0.9638	
32	29	94	0.1974	C
32	30	52	0.7605	
32	31	359	0.9539	
32	32	326	0.9324	
32	33	1208	0.9149	
32	34	746	0.4462	C
32	35	1052	0.9006	
32	36	1014	0.9101	
32	37	1020	0.9208	
32	38	999	0.8553	
32	39	1652	0.914	
32	40	942	0.8539	
32	41	827	0.8856	
32	42	859	0.91	
32	43	892	0.681	
32	44	920	0.8667	
32	45	1006	0.8115	
32	46	927	0.933	
32	47	766	0.9498	
32	48	1085	0.8919	
