# gitter v1.0.3 data file generated on Wed Feb 25 11:17:03 2015
# Warning possible misgridding: high count of small colony sizes, high count of low colony circularity
# Flags: S - Colony spill or edge interference, C - Low colony circularity
# row	col	size	circularity	flags
1	1	1239	0.9348	
1	2	1201	0.9264	
1	3	544	0.8743	
1	4	666	0.8848	
1	5	683	0.9185	
1	6	736	0.9297	
1	7	1111	0.8602	
1	8	1196	0.9141	
1	9	8	0.7954	
1	10	5	1.3475	
1	11	598	0.9484	
1	12	902	0.9118	
1	13	1021	0.8912	
1	14	1346	0.9115	
1	15	0	NA	
1	16	0	NA	
1	17	1256	0.9108	
1	18	1253	0.949	
1	19	26	0.2329	C
1	20	0	NA	
1	21	1121	0.9008	
1	22	974	0.9364	
1	23	987	0.8999	
1	24	1014	0.8887	
1	25	1102	0.8807	
1	26	1038	0.8973	
1	27	1083	0.9324	
1	28	1022	0.9226	
1	29	997	0.9408	
1	30	1199	0.9248	
1	31	17	0.8451	
1	32	26	1.2022	
1	33	1187	0.924	
1	34	1183	0.8926	
1	35	84	1.0217	
1	36	131	0.9059	
1	37	0	NA	
1	38	0	NA	
1	39	0	NA	
1	40	0	NA	
1	41	1170	0.8909	
1	42	1083	0.911	
1	43	1119	0.9062	
1	44	1028	0.9412	
1	45	26	1.0198	
1	46	0	NA	
1	47	299	0.746	S
1	48	1464	0.8959	
2	1	1154	0.9137	
2	2	1147	0.9377	
2	3	568	0.9128	
2	4	504	0.8365	
2	5	706	0.9158	
2	6	599	0.8195	
2	7	871	0.8804	
2	8	1019	0.9108	
2	9	0	NA	
2	10	2	25.1327	
2	11	341	0.9855	
2	12	5	0.7355	
2	13	1057	0.8772	
2	14	1135	0.8596	
2	15	0	NA	
2	16	1	Inf	
2	17	948	0.9442	
2	18	869	0.8932	
2	19	8	0.7398	
2	20	0	NA	
2	21	779	0.8659	
2	22	1060	0.8952	
2	23	796	0.9233	
2	24	736	0.917	
2	25	766	0.961	
2	26	775	0.8848	
2	27	826	0.8619	
2	28	676	0.8683	
2	29	995	0.8883	
2	30	1024	0.9375	
2	31	0	NA	
2	32	0	NA	
2	33	1039	0.938	
2	34	939	0.9272	
2	35	351	0.9393	
2	36	17	0.6852	
2	37	0	NA	
2	38	0	NA	
2	39	0	NA	
2	40	0	NA	
2	41	1176	0.8245	
2	42	763	0.8951	
2	43	1110	0.9074	
2	44	357	0.7412	S
2	45	0	NA	
2	46	0	NA	
2	47	1001	0.8174	
2	48	1582	0.9019	
3	1	0	NA	
3	2	0	NA	
3	3	847	0.9354	
3	4	843	0.9268	
3	5	758	0.9509	
3	6	908	0.8518	
3	7	688	0.9252	
3	8	816	0.8931	
3	9	710	0.9274	
3	10	709	0.9044	
3	11	829	0.8878	
3	12	806	0.9609	
3	13	181	0.8672	
3	14	146	0.9564	
3	15	854	0.8911	
3	16	898	0.8851	
3	17	754	0.9092	
3	18	904	0.8024	
3	19	907	0.9185	
3	20	862	0.811	
3	21	765	0.8229	
3	22	715	0.8163	
3	23	772	0.8422	
3	24	743	0.8416	
3	25	39	0.6653	
3	26	278	0.9105	
3	27	782	0.8558	
3	28	700	0.8782	
3	29	746	0.8852	
3	30	731	0.7769	
3	31	729	0.9146	
3	32	742	0.8339	
3	33	728	0.8679	
3	34	701	0.9004	
3	35	849	0.9542	
3	36	895	0.7415	
3	37	623	0.9117	
3	38	513	0.9044	
3	39	910	0.8893	
3	40	857	0.8205	
3	41	931	0.861	
3	42	925	0.9078	
3	43	0	NA	
3	44	0	NA	
3	45	0	NA	
3	46	0	NA	
3	47	14	0.9433	
3	48	13	0.5099	C
4	1	0	NA	
4	2	0	NA	
4	3	976	0.9344	
4	4	823	0.9547	
4	5	897	0.9319	
4	6	754	0.8845	
4	7	679	0.803	
4	8	668	0.9093	
4	9	676	0.8874	
4	10	536	0.8581	
4	11	788	0.8997	
4	12	571	0.9477	
4	13	89	0.6976	
4	14	248	0.8187	
4	15	786	0.9478	
4	16	763	0.8809	
4	17	814	0.8494	
4	18	531	0.9548	
4	19	866	0.8941	
4	20	883	0.9173	
4	21	717	0.9026	
4	22	802	0.9409	
4	23	756	0.8469	
4	24	742	0.8567	
4	25	7	0.3873	C
4	26	1025	0.854	
4	27	774	0.9245	
4	28	730	0.9052	
4	29	854	0.8686	
4	30	662	0.8708	
4	31	672	0.7821	
4	32	800	0.7337	
4	33	633	0.9263	
4	34	382	0.8921	
4	35	821	0.7049	
4	36	849	0.8831	
4	37	530	0.9216	
4	38	433	0.9233	
4	39	745	0.874	
4	40	852	0.9223	
4	41	926	0.865	
4	42	811	0.9015	
4	43	0	NA	
4	44	0	NA	
4	45	0	NA	
4	46	0	NA	
4	47	1	Inf	
4	48	2	25.1327	
5	1	704	0.9087	
5	2	543	0.9573	
5	3	0	NA	
5	4	0	NA	
5	5	0	NA	
5	6	0	NA	
5	7	486	0.8899	
5	8	456	0.9492	
5	9	739	0.8477	
5	10	745	0.9346	
5	11	522	0.9256	
5	12	326	0.8577	
5	13	401	0.8512	
5	14	545	0.8485	
5	15	70	0.7094	
5	16	0	NA	
5	17	0	NA	
5	18	0	NA	
5	19	550	0.8091	
5	20	750	0.9364	
5	21	0	NA	
5	22	0	NA	
5	23	697	0.787	
5	24	675	0.9301	
5	25	548	0.8759	
5	26	577	0.8412	
5	27	397	0.9421	
5	28	375	0.8603	
5	29	703	0.9151	
5	30	700	0.9112	
5	31	772	0.8331	
5	32	897	0.8804	
5	33	417	0.9228	
5	34	369	0.8857	
5	35	720	0.7952	
5	36	740	0.7285	
5	37	0	NA	
5	38	0	NA	
5	39	805	0.9047	
5	40	843	0.8448	
5	41	602	0.8295	
5	42	636	0.9258	
5	43	538	0.8811	
5	44	1123	0.9394	
5	45	0	NA	
5	46	0	NA	
5	47	0	NA	
5	48	0	NA	
6	1	536	0.8946	
6	2	411	0.9299	
6	3	3	3.2341	
6	4	0	NA	
6	5	0	NA	
6	6	0	NA	
6	7	417	0.9435	
6	8	382	0.8587	
6	9	760	0.9379	
6	10	714	0.9108	
6	11	423	0.9019	
6	12	321	0.9835	
6	13	556	0.9105	
6	14	34	1.0181	
6	15	293	0.8319	
6	16	0	NA	
6	17	0	NA	
6	18	0	NA	
6	19	703	0.8247	
6	20	347	0.8329	
6	21	0	NA	
6	22	0	NA	
6	23	683	0.8428	
6	24	763	0.8083	
6	25	643	0.9128	
6	26	445	0.8645	
6	27	348	0.7652	
6	28	304	0.9591	
6	29	723	0.9444	
6	30	613	0.8658	
6	31	751	0.8911	
6	32	779	0.8894	
6	33	400	0.7337	
6	34	350	0.9144	
6	35	827	0.6716	
6	36	703	0.9074	
6	37	0	NA	
6	38	0	NA	
6	39	811	0.9364	
6	40	690	0.9013	
6	41	555	0.9161	
6	42	599	0.9627	
6	43	828	0.8867	
6	44	1026	0.5584	C
6	45	0	NA	
6	46	0	NA	
6	47	5	0.7355	
6	48	27	1.1319	
7	1	1016	0.9396	
7	2	783	0.8841	
7	3	814	0.8852	
7	4	786	0.8834	
7	5	839	0.8985	
7	6	870	0.8887	
7	7	730	0.9423	
7	8	695	0.9015	
7	9	681	0.9204	
7	10	662	0.9057	
7	11	749	0.8429	
7	12	714	0.9001	
7	13	820	0.8821	
7	14	824	0.9059	
7	15	855	0.8827	
7	16	744	0.887	
7	17	898	0.8571	
7	18	877	0.892	
7	19	728	0.7796	
7	20	742	0.8846	
7	21	813	0.851	
7	22	788	0.8759	
7	23	712	0.7567	
7	24	616	0.9591	
7	25	579	0.8367	
7	26	612	0.8507	
7	27	729	0.8808	
7	28	646	0.8731	
7	29	812	0.883	
7	30	456	0.8281	
7	31	64	0.9206	
7	32	70	0.7812	
7	33	643	0.7973	
7	34	593	0.562	C
7	35	786	0.8709	
7	36	780	0.7993	
7	37	895	0.8757	
7	38	882	0.8916	
7	39	770	0.8791	
7	40	668	0.9252	
7	41	674	0.8657	
7	42	695	0.8971	
7	43	0	NA	
7	44	0	NA	
7	45	1077	0.4804	C
7	46	867	0.8884	
7	47	1084	0.6774	
7	48	1360	0.8808	
8	1	1034	0.9205	
8	2	775	0.9092	
8	3	696	0.9639	
8	4	613	0.9544	
8	5	940	0.9502	
8	6	818	0.8197	
8	7	717	0.9366	
8	8	697	0.9104	
8	9	793	0.8718	
8	10	651	0.9016	
8	11	724	0.9235	
8	12	704	0.873	
8	13	774	0.8326	
8	14	869	0.9408	
8	15	857	0.8887	
8	16	902	0.9272	
8	17	865	0.9066	
8	18	861	0.8834	
8	19	789	0.905	
8	20	569	0.8859	
8	21	752	0.9173	
8	22	715	0.9076	
8	23	844	0.9038	
8	24	656	0.9039	
8	25	652	0.8416	
8	26	659	0.8712	
8	27	737	0.8786	
8	28	754	0.8163	
8	29	461	0.9199	
8	30	497	0.8727	
8	31	0	NA	
8	32	13	0.4125	C
8	33	560	0.4855	C
8	34	533	0.5193	C
8	35	668	0.9093	
8	36	697	0.8502	
8	37	792	0.8735	
8	38	762	0.8378	
8	39	787	0.8455	
8	40	815	0.916	
8	41	1070	0.8439	
8	42	754	0.9459	
8	43	0	NA	
8	44	0	NA	
8	45	849	0.8765	
8	46	335	0.4215	S,C
8	47	1154	0.9222	
8	48	981	0.9296	
9	1	0	NA	
9	2	0	NA	
9	3	0	NA	
9	4	0	NA	
9	5	0	NA	
9	6	0	NA	
9	7	0	NA	
9	8	0	NA	
9	9	568	0.8431	
9	10	599	0.8701	
9	11	742	0.8378	
9	12	729	0.904	
9	13	269	0.8331	
9	14	452	0.9211	
9	15	0	NA	
9	16	0	NA	
9	17	189	0.9266	
9	18	139	0.8867	
9	19	89	0.7591	
9	20	46	0.8733	
9	21	806	0.827	
9	22	839	0.2469	C
9	23	615	0.8776	
9	24	502	0.967	
9	25	641	0.9147	
9	26	663	0.8703	
9	27	677	0.8994	
9	28	557	0.8606	
9	29	666	0.8425	
9	30	702	0.79	
9	31	0	NA	
9	32	0	NA	
9	33	854	0.592	C
9	34	651	0.5424	C
9	35	0	NA	
9	36	18	0.8323	
9	37	697	0.9214	
9	38	755	0.8857	
9	39	0	NA	
9	40	0	NA	
9	41	510	0.93	
9	42	566	0.9653	
9	43	0	NA	
9	44	1	Inf	
9	45	9	1.3745	
9	46	8	0.7398	
9	47	0	NA	
9	48	0	NA	
10	1	0	NA	
10	2	0	NA	
10	3	0	NA	
10	4	0	NA	
10	5	0	NA	
10	6	0	NA	
10	7	0	NA	
10	8	1	Inf	
10	9	465	0.8776	
10	10	5	0.7355	
10	11	779	0.9182	
10	12	822	0.8551	
10	13	431	0.8388	
10	14	243	0.8989	
10	15	0	NA	
10	16	0	NA	
10	17	154	0.6162	
10	18	182	0.8638	
10	19	0	NA	
10	20	45	0.714	
10	21	854	0.8595	
10	22	737	0.7496	
10	23	386	0.9752	
10	24	394	0.9724	
10	25	678	0.9182	
10	26	822	0.9037	
10	27	589	0.9052	
10	28	186	0.6881	
10	29	490	0.7772	
10	30	408	0.5413	C
10	31	0	NA	
10	32	0	NA	
10	33	856	0.4942	C
10	34	565	0.5086	C
10	35	0	NA	
10	36	1	Inf	
10	37	627	0.6663	
10	38	793	0.5093	C
10	39	0	NA	
10	40	0	NA	
10	41	618	0.9207	
10	42	450	0.8616	
10	43	0	NA	
10	44	3	3.2341	
10	45	18	0.539	C
10	46	7	0.9433	
10	47	1	Inf	
10	48	0	NA	
11	1	1204	0.9322	
11	2	1043	0.9416	
11	3	577	0.8915	
11	4	658	0.9113	
11	5	1010	0.934	
11	6	910	0.8931	
11	7	719	0.9171	
11	8	907	0.8902	
11	9	0	NA	
11	10	0	NA	
11	11	873	0.8695	
11	12	628	0.6255	
11	13	206	0.8293	
11	14	634	0.9375	
11	15	0	NA	
11	16	2	25.1327	
11	17	508	0.9134	
11	18	430	0.7841	
11	19	765	0.8476	
11	20	570	0.8991	
11	21	815	0.9101	
11	22	636	0.9238	
11	23	802	0.8655	
11	24	719	0.8771	
11	25	411	0.8117	
11	26	306	0.6878	
11	27	711	0.4605	C
11	28	1014	0.6996	
11	29	552	0.5262	C
11	30	388	0.7117	
11	31	902	0.5076	C
11	32	767	0.5994	C
11	33	458	0.3916	C
11	34	398	0.3923	C
11	35	1008	0.5344	C
11	36	836	0.6009	
11	37	794	0.6124	
11	38	797	0.4889	C
11	39	776	0.6643	
11	40	743	0.5838	C
11	41	723	0.8819	
11	42	676	0.8481	
11	43	819	0.438	C
11	44	833	0.3999	C
11	45	726	0.7472	
11	46	775	0.8682	
11	47	1023	0.4416	C
11	48	1202	0.5302	C
12	1	1131	0.892	
12	2	987	0.9393	
12	3	601	0.9357	
12	4	736	0.9233	
12	5	836	0.8762	
12	6	701	0.8898	
12	7	776	0.896	
12	8	809	0.9176	
12	9	0	NA	
12	10	0	NA	
12	11	740	0.9101	
12	12	712	0.8829	
12	13	597	0.6807	
12	14	205	0.9015	
12	15	0	NA	
12	16	0	NA	
12	17	269	0.6993	
12	18	379	0.7959	
12	19	641	0.8332	
12	20	737	0.931	
12	21	592	0.8933	
12	22	532	0.925	
12	23	786	0.8777	
12	24	836	0.6341	
12	25	158	0.7057	
12	26	215	0.6573	
12	27	490	0.6846	
12	28	537	0.5646	C
12	29	280	0.6101	
12	30	46	0.7004	
12	31	843	0.4973	C
12	32	517	0.4747	C
12	33	273	0.6584	
12	34	257	0.4266	C
12	35	876	0.586	C
12	36	850	0.5459	C
12	37	836	0.6178	
12	38	817	0.5499	C
12	39	728	0.8445	
12	40	733	0.5466	C
12	41	647	0.5882	C
12	42	711	0.6337	
12	43	587	0.9139	
12	44	639	0.6364	
12	45	775	0.8326	
12	46	552	0.5735	C
12	47	1175	0.4061	C
12	48	1163	0.6186	
13	1	0	NA	
13	2	0	NA	
13	3	0	NA	
13	4	0	NA	
13	5	528	0.9056	
13	6	923	0.9193	
13	7	5	1.3475	
13	8	0	NA	
13	9	691	0.957	
13	10	768	0.901	
13	11	140	0.9171	
13	12	158	0.8397	
13	13	601	0.9001	
13	14	737	0.6955	
13	15	0	NA	
13	16	2	25.1327	
13	17	976	0.777	
13	18	378	0.5366	C
13	19	425	0.8292	
13	20	608	0.7707	
13	21	840	0.8125	
13	22	991	0.7644	
13	23	0	NA	
13	24	2	25.1327	
13	25	655	0.5814	C
13	26	162	0.9779	
13	27	200	0.8852	
13	28	459	0.8971	
13	29	592	0.9167	
13	30	869	0.5155	C
13	31	663	0.4163	C
13	32	394	0.4943	C
13	33	810	0.9248	
13	34	787	0.96	
13	35	0	NA	
13	36	2	25.1327	
13	37	631	0.9118	
13	38	753	0.4779	C
13	39	72	1.0963	
13	40	2	25.1327	
13	41	979	0.5101	C
13	42	701	0.9427	
13	43	657	0.8685	
13	44	923	0.5158	C
13	45	0	NA	
13	46	0	NA	
13	47	1046	0.9312	
13	48	964	0.9404	
14	1	0	NA	
14	2	0	NA	
14	3	0	NA	
14	4	0	NA	
14	5	674	0.9221	
14	6	382	0.8454	
14	7	0	NA	
14	8	0	NA	
14	9	593	0.8569	
14	10	621	0.8707	
14	11	159	0.8745	
14	12	72	0.7157	
14	13	504	0.6583	
14	14	822	0.6849	
14	15	0	NA	
14	16	0	NA	
14	17	302	0.5748	C
14	18	0	NA	
14	19	275	0.4957	C
14	20	615	0.6805	
14	21	611	0.6522	
14	22	844	0.6485	
14	23	0	NA	
14	24	0	NA	
14	25	448	0.5359	C
14	26	1017	0.5871	C
14	27	577	0.8596	
14	28	481	0.5449	C
14	29	821	0.9479	
14	30	600	0.5932	C
14	31	344	0.4049	C
14	32	136	0.5557	C
14	33	806	0.9456	
14	34	853	0.4975	C
14	35	4	1.078	
14	36	0	NA	
14	37	739	0.5722	C
14	38	540	0.9209	
14	39	73	0.9564	
14	40	82	0.9479	
14	41	685	0.8453	
14	42	622	0.8988	
14	43	891	0.5249	C
14	44	862	0.8995	
14	45	0	NA	
14	46	0	NA	
14	47	748	0.902	
14	48	785	0.8863	
15	1	1054	0.8901	
15	2	834	0.9522	
15	3	834	0.927	
15	4	786	0.8875	
15	5	0	NA	
15	6	0	NA	
15	7	866	0.9521	
15	8	807	0.8872	
15	9	576	0.8852	
15	10	199	0.9233	
15	11	766	0.8649	
15	12	715	0.5998	C
15	13	831	0.5877	C
15	14	817	0.5778	C
15	15	674	0.5053	C
15	16	775	0.5857	C
15	17	12	0.5839	C
15	18	0	NA	
15	19	727	0.5233	C
15	20	530	0.4765	C
15	21	636	0.5882	C
15	22	335	0.3899	C
15	23	796	0.65	
15	24	766	0.8554	
15	25	640	0.9535	
15	26	572	0.9072	
15	27	803	0.6177	
15	28	729	0.566	C
15	29	267	0.9877	
15	30	377	0.8804	
15	31	155	0.9188	
15	32	317	0.9567	
15	33	599	0.8656	
15	34	745	0.9457	
15	35	834	0.446	C
15	36	791	0.3893	C
15	37	506	0.9359	
15	38	601	0.9236	
15	39	786	0.8777	
15	40	826	0.3796	C
15	41	671	0.3038	C
15	42	682	0.9612	
15	43	309	0.9091	
15	44	711	0.9025	
15	45	79	0.6678	
15	46	149	0.6913	
15	47	0	NA	
15	48	7	0.8673	
16	1	913	0.8565	
16	2	755	0.8717	
16	3	844	0.8941	
16	4	808	0.8747	
16	5	0	NA	
16	6	0	NA	
16	7	835	0.8942	
16	8	700	0.9577	
16	9	359	0.8519	
16	10	29	0.8022	
16	11	771	0.5325	C
16	12	675	0.8713	
16	13	807	0.5658	C
16	14	783	0.5214	C
16	15	646	0.4496	C
16	16	729	0.5897	C
16	17	0	NA	
16	18	0	NA	
16	19	657	0.4889	C
16	20	705	0.5545	C
16	21	480	0.4535	C
16	22	252	0.5577	C
16	23	1025	0.6735	
16	24	597	0.8782	
16	25	335	0.9929	
16	26	613	0.9017	
16	27	829	0.5747	C
16	28	778	0.9188	
16	29	262	0.9059	
16	30	325	0.9295	
16	31	207	0.6411	
16	32	691	0.4486	C
16	33	724	0.8832	
16	34	703	0.9736	
16	35	693	0.9052	
16	36	689	0.9542	
16	37	578	0.8883	
16	38	505	0.9531	
16	39	725	0.9632	
16	40	707	0.9346	
16	41	614	0.9265	
16	42	744	0.6042	
16	43	289	0.9913	
16	44	492	0.8847	
16	45	46	0.3888	C
16	46	35	0.7193	
16	47	1	Inf	
16	48	411	0.9819	
17	1	3	3.2341	
17	2	0	NA	
17	3	0	NA	
17	4	0	NA	
17	5	758	0.9141	
17	6	872	0.8908	
17	7	0	NA	
17	8	0	NA	
17	9	834	0.8394	
17	10	833	0.9555	
17	11	0	NA	
17	12	1	Inf	
17	13	122	0.837	
17	14	83	0.6585	
17	15	619	0.8991	
17	16	633	0.9603	
17	17	529	0.9512	
17	18	610	0.543	C
17	19	889	0.5092	C
17	20	772	0.49	C
17	21	187	0.9384	
17	22	195	0.9343	
17	23	1	Inf	
17	24	4	1.078	
17	25	674	0.5247	C
17	26	573	0.9511	
17	27	832	0.5486	C
17	28	749	0.5515	C
17	29	711	0.8774	
17	30	420	0.9591	
17	31	917	0.9094	
17	32	932	0.5441	C
17	33	304	0.8851	
17	34	85	0.9256	
17	35	727	0.9496	
17	36	677	0.8994	
17	37	565	0.908	
17	38	425	0.9405	
17	39	718	0.8758	
17	40	724	0.8934	
17	41	0	NA	
17	42	0	NA	
17	43	822	0.9281	
17	44	910	0.9159	
17	45	42	0.4805	C
17	46	9	1.1151	
17	47	1103	0.2673	C
17	48	1207	0.952	
18	1	1	Inf	
18	2	0	NA	
18	3	0	NA	
18	4	0	NA	
18	5	595	0.9144	
18	6	833	0.9158	
18	7	0	NA	
18	8	0	NA	
18	9	875	0.9229	
18	10	612	0.9405	
18	11	0	NA	
18	12	0	NA	
18	13	108	1.0252	
18	14	52	0.9562	
18	15	441	0.9403	
18	16	425	0.9345	
18	17	98	1.007	
18	18	719	0.5228	C
18	19	642	0.4875	C
18	20	752	0.4279	C
18	21	152	0.9344	
18	22	141	1.0141	
18	23	4	1.4797	
18	24	0	NA	
18	25	334	0.9319	
18	26	847	0.8877	
18	27	803	0.418	C
18	28	645	0.9204	
18	29	398	0.9233	
18	30	470	0.9186	
18	31	628	0.9651	
18	32	668	0.9252	
18	33	0	NA	
18	34	3	3.2341	
18	35	797	0.9457	
18	36	665	0.9609	
18	37	425	0.9405	
18	38	629	0.9371	
18	39	701	0.9157	
18	40	789	0.8908	
18	41	0	NA	
18	42	0	NA	
18	43	914	0.8538	
18	44	850	0.9243	
18	45	0	NA	
18	46	0	NA	
18	47	931	0.5261	C
18	48	1005	0.9073	
19	1	729	0.8231	
19	2	569	0.8541	
19	3	858	0.909	
19	4	819	0.8866	
19	5	0	NA	
19	6	0	NA	
19	7	914	0.8662	
19	8	812	0.9168	
19	9	742	0.9309	
19	10	655	0.9231	
19	11	760	0.8265	
19	12	743	0.9478	
19	13	844	0.9279	
19	14	743	0.4255	C
19	15	651	0.8546	
19	16	813	0.4999	C
19	17	845	0.383	C
19	18	747	0.9529	
19	19	933	0.4275	C
19	20	847	0.456	C
19	21	837	0.4882	C
19	22	905	0.5097	C
19	23	459	0.9639	
19	24	409	0.8721	
19	25	39	0.8015	
19	26	39	0.8409	
19	27	495	0.9675	
19	28	204	0.4046	C
19	29	944	0.9362	
19	30	829	0.9114	
19	31	349	0.9569	
19	32	370	0.9666	
19	33	680	0.9418	
19	34	639	0.9072	
19	35	63	0.8575	
19	36	108	0.8568	
19	37	796	0.919	
19	38	694	0.9612	
19	39	612	0.9118	
19	40	671	0.9408	
19	41	781	0.9527	
19	42	801	0.9248	
19	43	6	0.4707	C
19	44	1	Inf	
19	45	585	0.8305	
19	46	644	0.9306	
19	47	907	0.6365	
19	48	1040	0.9389	
20	1	682	0.813	
20	2	529	0.938	
20	3	752	0.928	
20	4	815	0.941	
20	5	0	NA	
20	6	0	NA	
20	7	749	0.9554	
20	8	754	0.9092	
20	9	659	0.9127	
20	10	659	0.8862	
20	11	712	0.9459	
20	12	612	0.9235	
20	13	633	0.9312	
20	14	679	0.9131	
20	15	446	0.8066	
20	16	666	0.8956	
20	17	677	0.8994	
20	18	724	0.9235	
20	19	882	0.5631	C
20	20	875	0.5681	C
20	21	838	0.5753	C
20	22	614	0.462	C
20	23	174	0.9247	
20	24	412	0.9909	
20	25	93	0.818	
20	26	40	0.7952	
20	27	377	0.9305	
20	28	136	0.9152	
20	29	826	0.9326	
20	30	750	0.952	
20	31	118	0.9938	
20	32	648	0.9086	
20	33	694	0.9286	
20	34	705	0.9433	
20	35	0	NA	
20	36	41	0.902	
20	37	812	0.9375	
20	38	843	0.9226	
20	39	619	0.8724	
20	40	642	0.9325	
20	41	809	0.8142	
20	42	700	0.9577	
20	43	3	3.2341	
20	44	6	0.4707	C
20	45	616	0.9467	
20	46	567	0.8876	
20	47	927	0.3272	C
20	48	932	0.9053	
21	1	874	0.9218	
21	2	601	0.9069	
21	3	719	0.9281	
21	4	800	0.9492	
21	5	0	NA	
21	6	0	NA	
21	7	803	0.942	
21	8	726	0.9108	
21	9	546	0.9237	
21	10	568	0.8891	
21	11	655	0.8852	
21	12	630	0.9682	
21	13	623	0.9164	
21	14	719	0.9326	
21	15	766	0.4793	C
21	16	211	0.9279	
21	17	531	0.9233	
21	18	223	0.9391	
21	19	5	0.7355	
21	20	1	Inf	
21	21	487	0.8757	
21	22	413	0.9645	
21	23	798	0.4367	C
21	24	753	0.4493	C
21	25	685	0.8424	
21	26	562	0.9639	
21	27	808	0.8342	
21	28	787	0.9382	
21	29	200	0.928	
21	30	266	0.8238	
21	31	777	0.9219	
21	32	727	0.9228	
21	33	463	0.9377	
21	34	355	0.9433	
21	35	656	0.9479	
21	36	575	0.912	
21	37	324	0.9199	
21	38	492	0.9286	
21	39	435	0.9998	
21	40	559	0.875	
21	41	801	0.3726	C
21	42	743	0.5541	C
21	43	786	0.4694	C
21	44	775	0.9454	
21	45	501	0.8884	
21	46	298	0.9229	
21	47	917	0.7193	
21	48	987	0.9166	
22	1	786	0.8875	
22	2	604	0.9654	
22	3	814	0.8585	
22	4	758	0.9246	
22	5	0	NA	
22	6	0	NA	
22	7	724	0.9457	
22	8	693	0.9481	
22	9	338	0.8683	
22	10	493	0.8572	
22	11	597	0.9417	
22	12	579	0.8626	
22	13	592	0.9389	
22	14	617	0.9658	
22	15	309	0.9326	
22	16	129	0.8921	
22	17	500	0.9631	
22	18	683	0.9185	
22	19	0	NA	
22	20	2	25.1327	
22	21	201	0.9326	
22	22	405	0.9458	
22	23	718	0.4076	C
22	24	790	0.9268	
22	25	584	0.2554	C
22	26	807	0.2969	C
22	27	692	0.8963	
22	28	692	0.471	C
22	29	126	0.7889	
22	30	174	0.8672	
22	31	704	0.2608	C
22	32	645	0.2287	C
22	33	247	0.878	
22	34	305	0.9275	
22	35	562	0.9772	
22	36	583	0.9495	
22	37	7	0.9433	
22	38	38	0.6211	
22	39	474	0.9209	
22	40	485	0.9024	
22	41	719	0.8435	
22	42	798	0.7585	
22	43	802	0.6981	
22	44	813	0.9137	
22	45	330	0.8682	
22	46	454	0.968	
22	47	877	0.6642	
22	48	963	0.9126	
23	1	37	0.6894	
23	2	16	0.8385	
23	3	726	0.9483	
23	4	742	0.8664	
23	5	596	0.8767	
23	6	602	0.9675	
23	7	625	0.9194	
23	8	610	0.9549	
23	9	667	0.9238	
23	10	673	0.9207	
23	11	569	0.8907	
23	12	638	0.9104	
23	13	720	0.9566	
23	14	340	0.9725	
23	15	548	0.9147	
23	16	462	0.9163	
23	17	785	0.4421	C
23	18	753	0.9037	
23	19	734	0.4631	C
23	20	811	0.4231	C
23	21	833	0.4309	C
23	22	930	0.209	C
23	23	347	0.305	C
23	24	180	0.9339	
23	25	785	0.1222	C
23	26	630	0.8834	
23	27	605	0.6962	
23	28	753	0.5755	C
23	29	797	0.3598	C
23	30	714	0.9326	
23	31	759	0.6472	
23	32	702	0.5833	C
23	33	726	0.6131	
23	34	737	0.6371	
23	35	303	0.9739	
23	36	334	0.99	
23	37	813	0.7126	
23	38	797	0.7686	
23	39	583	0.9247	
23	40	487	0.8586	
23	41	713	0.6826	
23	42	645	0.55	C
23	43	577	0.9631	
23	44	690	0.8615	
23	45	674	0.5747	C
23	46	705	0.7043	
23	47	727	0.4367	C
23	48	991	0.6502	
24	1	19	0.5466	C
24	2	20	0.5989	C
24	3	745	0.8642	
24	4	834	0.8891	
24	5	657	0.9212	
24	6	599	0.8656	
24	7	594	0.9129	
24	8	630	0.899	
24	9	708	0.9521	
24	10	777	0.9524	
24	11	671	0.9023	
24	12	708	0.9139	
24	13	508	0.9588	
24	14	604	0.9115	
24	15	325	0.9295	
24	16	647	0.9349	
24	17	878	0.4386	C
24	18	819	0.4409	C
24	19	692	0.9419	
24	20	814	0.2562	C
24	21	867	0.2576	C
24	22	855	0.9156	
24	23	102	0.9682	
24	24	268	0.9997	
24	25	720	0.8447	
24	26	604	0.976	
24	27	608	0.6138	
24	28	820	0.4876	C
24	29	672	0.9307	
24	30	654	0.8947	
24	31	658	0.6326	
24	32	748	0.4237	C
24	33	716	0.6785	
24	34	744	0.4214	C
24	35	270	0.9336	
24	36	310	0.8196	
24	37	745	0.9131	
24	38	739	0.7975	
24	39	580	0.6994	
24	40	508	0.6008	
24	41	637	0.937	
24	42	598	0.9433	
24	43	659	0.3646	C
24	44	670	0.9443	
24	45	727	0.9121	
24	46	794	0.8541	
24	47	575	0.8952	
24	48	1025	0.8775	
25	1	1072	0.7103	
25	2	920	0.7953	
25	3	206	0.9558	
25	4	9	0.662	
25	5	583	0.9676	
25	6	664	0.913	
25	7	809	0.8625	
25	8	881	0.4217	C
25	9	0	NA	
25	10	4	1.4797	
25	11	451	0.9677	
25	12	508	0.9645	
25	13	201	0.912	
25	14	41	0.7784	
25	15	815	0.387	C
25	16	670	0.912	
25	17	78	0.8409	
25	18	77	0.8184	
25	19	748	0.902	
25	20	762	0.7447	
25	21	136	0.9669	
25	22	103	0.9261	
25	23	816	0.2863	C
25	24	751	0.3159	C
25	25	230	0.9398	
25	26	248	0.8459	
25	27	700	0.2962	C
25	28	723	0.6082	
25	29	86	1.0853	
25	30	37	0.9001	
25	31	777	0.3682	C
25	32	650	0.3042	C
25	33	489	0.2792	C
25	34	413	0.291	C
25	35	836	0.4976	C
25	36	887	0.3547	C
25	37	403	0.916	
25	38	364	0.9416	
25	39	738	0.6461	
25	40	731	0.6693	
25	41	528	0.8532	
25	42	540	0.9136	
25	43	692	0.4109	C
25	44	785	0.9466	
25	45	12	0.8826	
25	46	11	0.7411	
25	47	312	0.8768	
25	48	658	0.9508	
26	1	1049	0.7627	
26	2	869	0.8877	
26	3	12	0.4932	C
26	4	9	0.6219	
26	5	789	0.9008	
26	6	537	0.8746	
26	7	736	0.9233	
26	8	835	0.9139	
26	9	12	1.0349	
26	10	13	1.048	
26	11	481	0.954	
26	12	381	0.8564	
26	13	188	0.9129	
26	14	300	0.9903	
26	15	716	0.6182	
26	16	647	0.9589	
26	17	24	0.7434	
26	18	59	1.1053	
26	19	806	0.3301	C
26	20	633	0.6486	
26	21	38	0.9591	
26	22	50	0.8422	
26	23	784	0.7751	
26	24	682	0.2908	C
26	25	645	0.5881	C
26	26	42	0.2232	C
26	27	833	0.6746	
26	28	773	0.3383	C
26	29	60	1.0365	
26	30	130	0.2815	C
26	31	757	0.4107	C
26	32	662	0.3407	C
26	33	624	0.732	
26	34	469	0.6178	
26	35	727	0.6695	
26	36	820	0.6038	
26	37	314	0.9651	
26	38	331	0.8362	
26	39	686	0.6193	
26	40	490	0.668	
26	41	524	0.6661	
26	42	415	0.7994	
26	43	673	0.6405	
26	44	870	0.2929	C
26	45	0	NA	
26	46	34	0.3302	C
26	47	89	1.0442	
26	48	589	0.922	
27	1	703	0.9183	
27	2	225	0.9309	
27	3	569	0.9216	
27	4	348	0.9091	
27	5	650	0.308	C
27	6	619	0.6031	
27	7	266	0.895	
27	8	335	0.8463	
27	9	724	0.3709	C
27	10	679	0.8577	
27	11	612	0.8843	
27	12	636	0.4276	C
27	13	625	0.3564	C
27	14	621	0.357	C
27	15	536	0.9193	
27	16	555	0.8802	
27	17	724	0.2736	C
27	18	515	0.9132	
27	19	636	0.3734	C
27	20	499	0.662	
27	21	324	0.9675	
27	22	215	0.9251	
27	23	755	0.6816	
27	24	773	0.3004	C
27	25	585	0.2409	C
27	26	618	0.277	C
27	27	558	0.5867	C
27	28	483	0.6518	
27	29	761	0.7716	
27	30	688	0.3293	C
27	31	647	0.5783	C
27	32	709	0.3342	C
27	33	701	0.6328	
27	34	676	0.6146	
27	35	715	0.55	C
27	36	589	0.5798	C
27	37	665	0.5927	C
27	38	670	0.6991	
27	39	667	0.6107	
27	40	663	0.8734	
27	41	731	0.5675	C
27	42	754	0.6009	
27	43	783	0.2493	C
27	44	680	0.5902	C
27	45	695	0.639	
27	46	743	0.6791	
27	47	664	0.8511	
27	48	946	0.9189	
28	1	607	0.9209	
28	2	567	0.9285	
28	3	527	0.4506	C
28	4	597	0.362	C
28	5	638	0.7809	
28	6	548	0.9717	
28	7	249	0.9877	
28	8	507	0.3621	C
28	9	792	0.9042	
28	10	718	0.3202	C
28	11	554	0.3012	C
28	12	768	0.3935	C
28	13	498	0.9081	
28	14	566	0.9269	
28	15	435	0.2189	C
28	16	507	0.6206	
28	17	514	0.2612	C
28	18	614	0.8872	
28	19	505	0.6653	
28	20	587	0.4115	C
28	21	411	0.1805	C
28	22	237	0.8665	
28	23	827	0.3438	C
28	24	868	0.2964	C
28	25	656	0.7102	
28	26	668	0.419	C
28	27	492	0.2331	C
28	28	495	0.2357	C
28	29	717	0.2733	C
28	30	661	0.2728	C
28	31	708	0.641	
28	32	700	0.7554	
28	33	574	0.8821	
28	34	707	0.7433	
28	35	464	0.6482	
28	36	759	0.8016	
28	37	667	0.5822	C
28	38	755	0.3394	C
28	39	661	0.357	C
28	40	653	0.5854	C
28	41	601	0.873	
28	42	686	0.9114	
28	43	825	0.268	C
28	44	774	0.4865	C
28	45	623	0.5972	C
28	46	829	0.3426	C
28	47	478	0.7511	
28	48	702	0.8807	
29	1	40	0.9731	
29	2	19	0.7119	
29	3	915	0.4118	C
29	4	778	0.4938	C
29	5	510	0.5265	C
29	6	598	0.4332	C
29	7	707	0.6519	
29	8	802	0.4036	C
29	9	190	0.8874	
29	10	377	0.9685	
29	11	735	0.4824	C
29	12	799	0.52	C
29	13	0	NA	
29	14	0	NA	
29	15	867	0.5098	C
29	16	660	0.3764	C
29	17	587	0.3866	C
29	18	639	0.3587	C
29	19	815	0.4754	C
29	20	738	0.4554	C
29	21	740	0.3735	C
29	22	544	0.2984	C
29	23	778	0.3652	C
29	24	777	0.3044	C
29	25	432	0.3029	C
29	26	259	0.4771	C
29	27	627	0.1602	C
29	28	556	0.2775	C
29	29	856	0.2278	C
29	30	602	0.7642	
29	31	669	0.3349	C
29	32	686	0.3587	C
29	33	387	0.622	
29	34	473	0.5549	C
29	35	571	0.603	
29	36	444	0.6416	
29	37	566	0.5637	C
29	38	612	0.2409	C
29	39	831	0.3048	C
29	40	668	0.8983	
29	41	643	0.718	
29	42	601	0.4141	C
29	43	424	0.8587	
29	44	803	0.7915	
29	45	380	0.6175	
29	46	549	0.7294	
29	47	1011	0.6102	
29	48	1162	0.6041	
30	1	41	0.5041	C
30	2	24	0.7616	
30	3	840	0.7253	
30	4	842	0.4184	C
30	5	438	0.3496	C
30	6	439	0.2191	C
30	7	750	0.5785	C
30	8	834	0.3311	C
30	9	457	0.3088	C
30	10	608	0.9643	
30	11	797	0.9501	
30	12	677	0.8887	
30	13	25	0.2269	C
30	14	32	0.2035	C
30	15	810	0.4687	C
30	16	718	0.3204	C
30	17	727	0.4789	C
30	18	724	0.3066	C
30	19	814	0.4198	C
30	20	654	0.6216	
30	21	615	0.2815	C
30	22	749	0.4172	C
30	23	845	0.388	C
30	24	878	0.416	C
30	25	420	0.2074	C
30	26	577	0.2253	C
30	27	640	0.2242	C
30	28	586	0.24	C
30	29	594	0.1947	C
30	30	711	0.2374	C
30	31	762	0.3728	C
30	32	866	0.302	C
30	33	441	0.5506	C
30	34	396	0.2273	C
30	35	717	0.2409	C
30	36	521	0.3708	C
30	37	640	0.3758	C
30	38	712	0.3044	C
30	39	924	0.8857	
30	40	870	0.4064	C
30	41	713	0.5485	C
30	42	743	0.3452	C
30	43	246	0.9843	
30	44	518	0.3525	C
30	45	455	0.7244	
30	46	607	0.945	
30	47	709	0.942	
30	48	957	0.847	
31	1	523	0.9274	
31	2	579	0.943	
31	3	901	0.6923	
31	4	834	0.6229	
31	5	817	0.5658	C
31	6	758	0.5526	C
31	7	614	0.4128	C
31	8	528	0.4641	C
31	9	874	0.4804	C
31	10	912	0.5525	C
31	11	58	0.8343	
31	12	30	0.2075	C
31	13	941	0.4638	C
31	14	956	0.6207	
31	15	774	0.4113	C
31	16	809	0.4308	C
31	17	646	0.526	C
31	18	706	0.6198	
31	19	849	0.5191	C
31	20	922	0.2191	C
31	21	797	0.3952	C
31	22	826	0.4704	C
31	23	830	0.4052	C
31	24	828	0.4158	C
31	25	964	0.3083	C
31	26	887	0.3254	C
31	27	895	0.286	C
31	28	886	0.3731	C
31	29	836	0.3201	C
31	30	897	0.2589	C
31	31	895	0.2956	C
31	32	857	0.2201	C
31	33	871	0.3618	C
31	34	852	0.3789	C
31	35	847	0.3414	C
31	36	839	0.4468	C
31	37	866	0.5138	C
31	38	895	0.6091	
31	39	1	Inf	
31	40	12	0.2551	C
31	41	910	0.8078	
31	42	895	0.9482	
31	43	830	0.5181	C
31	44	772	0.6666	
31	45	920	0.5445	C
31	46	845	0.7001	
31	47	872	0.8685	
31	48	1077	0.922	
32	1	474	0.9541	
32	2	536	0.9193	
32	3	1186	0.8949	
32	4	1074	0.907	
32	5	974	0.9137	
32	6	968	0.95	
32	7	616	0.977	
32	8	623	0.9002	
32	9	996	0.9081	
32	10	1098	0.9363	
32	11	63	1.1082	
32	12	70	0.8299	
32	13	1116	0.9298	
32	14	1070	0.925	
32	15	942	0.9342	
32	16	1051	0.9394	
32	17	753	0.9248	
32	18	667	0.8818	
32	19	1011	0.935	
32	20	977	0.922	
32	21	964	0.6741	
32	22	929	0.8166	
32	23	873	0.8879	
32	24	972	0.9306	
32	25	1029	0.9421	
32	26	1071	0.8755	
32	27	1070	0.8865	
32	28	985	0.947	
32	29	1053	0.9412	
32	30	916	0.8807	
32	31	1043	0.847	
32	32	1083	0.9324	
32	33	1068	0.9232	
32	34	1223	0.5358	C
32	35	975	0.7384	
32	36	851	0.888	
32	37	1102	0.8725	
32	38	1193	0.7044	
32	39	32	0.7398	
32	40	26	1.2022	
32	41	1078	0.6244	
32	42	1020	0.9339	
32	43	1012	0.6554	
32	44	1098	0.8941	
32	45	1030	0.9298	
32	46	1122	0.8967	
32	47	932	0.938	
32	48	1033	0.8808	
