# gitter v1.0.3 data file generated on Wed Feb 25 11:16:36 2015
# Warning possible misgridding: high count of low colony circularity
# Flags: S - Colony spill or edge interference, C - Low colony circularity
# row	col	size	circularity	flags
1	1	1002	0.9212	
1	2	928	0.934	
1	3	1101	0.8799	
1	4	992	0.8992	
1	5	865	0.9026	
1	6	746	0.9516	
1	7	924	0.8975	
1	8	1036	0.9223	
1	9	906	0.8586	
1	10	511	0.8368	
1	11	1045	0.9159	
1	12	1076	0.9212	
1	13	815	0.941	
1	14	916	0.8898	
1	15	1034	0.8533	
1	16	1125	0.9075	
1	17	871	0.8548	
1	18	1075	0.8591	
1	19	990	0.8886	
1	20	1011	0.9037	
1	21	985	0.9109	
1	22	957	0.9069	
1	23	1180	0.8903	
1	24	1256	0.8622	
1	25	170	0.8945	
1	26	855	0.8696	
1	27	1065	0.9426	
1	28	1103	0.9535	
1	29	1145	0.9288	
1	30	1217	0.9474	
1	31	3	37.6991	
1	32	116	0.9598	
1	33	1148	0.9261	
1	34	1294	0.9267	
1	35	582	0.8736	
1	36	478	0.7611	
1	37	59	0.8628	
1	38	52	0.9147	
1	39	1253	0.8633	
1	40	1085	0.9471	
1	41	72	0.9086	S
1	42	215	1.0301	S
1	43	1146	0.9123	
1	44	1083	0.9023	
1	45	746	0.8711	
1	46	748	0.8636	
1	47	1100	0.9216	
1	48	1290	0.878	
2	1	773	0.9475	
2	2	385	0.9348	
2	3	882	0.8785	
2	4	786	0.8737	
2	5	766	0.9132	
2	6	687	0.8619	
2	7	825	0.8647	
2	8	461	0.9337	
2	9	705	0.8433	
2	10	753	0.9292	
2	11	681	0.9317	
2	12	693	0.8797	
2	13	689	0.8832	
2	14	586	0.8424	
2	15	789	0.881	
2	16	745	0.9238	
2	17	707	0.8974	
2	18	743	0.9213	
2	19	861	0.9179	
2	20	902	0.9412	
2	21	810	0.8581	
2	22	698	0.9273	
2	23	777	0.8477	
2	24	1051	0.9227	
2	25	267	0.9602	
2	26	379	0.9575	
2	27	884	0.8342	
2	28	981	0.8769	
2	29	872	0.9296	
2	30	969	0.9372	
2	31	0	NA	
2	32	353	0.8151	
2	33	823	0.961	
2	34	814	0.9107	
2	35	507	0.9377	
2	36	909	0.8883	
2	37	26	0.527	C
2	38	26	0.5099	C
2	39	888	0.8663	
2	40	1021	0.8791	
2	41	0	NA	
2	42	12	0.8826	
2	43	970	0.8971	
2	44	991	0.8736	
2	45	634	0.9001	
2	46	714	0.8025	
2	47	972	0.8863	
2	48	1181	0.9061	
3	1	1233	0.9021	
3	2	833	0.8825	
3	3	613	0.9421	
3	4	659	0.9523	
3	5	633	0.8986	
3	6	739	0.871	
3	7	818	0.9134	
3	8	788	0.884	
3	9	633	0.9033	
3	10	637	0.8978	
3	11	623	0.878	
3	12	622	0.7562	
3	13	706	0.9006	
3	14	748	0.9094	
3	15	737	0.9139	
3	16	705	0.8949	
3	17	724	0.9039	
3	18	839	0.8945	
3	19	205	0.8253	
3	20	214	0.9621	
3	21	1004	0.9285	
3	22	251	0.8286	
3	23	900	0.8372	
3	24	836	0.8503	
3	25	835	0.8042	
3	26	941	0.9196	
3	27	800	0.8529	
3	28	711	0.8877	
3	29	469	0.944	
3	30	379	0.9202	
3	31	949	0.8955	
3	32	1041	0.8698	
3	33	0	NA	
3	34	0	NA	
3	35	1008	0.9229	
3	36	867	0.8951	
3	37	918	0.8944	
3	38	850	0.8869	
3	39	799	0.8881	
3	40	770	0.9393	
3	41	808	0.9329	
3	42	895	0.924	
3	43	775	0.8948	
3	44	595	0.8553	
3	45	784	0.9409	
3	46	668	0.9252	
3	47	798	0.8639	
3	48	671	0.9408	
4	1	1280	0.9086	
4	2	953	0.9218	
4	3	683	0.9231	
4	4	602	0.9548	
4	5	619	0.9106	
4	6	577	0.8754	
4	7	698	0.8799	
4	8	697	0.915	
4	9	714	0.9326	
4	10	687	0.9127	
4	11	726	0.8959	
4	12	658	0.9002	
4	13	589	0.8467	
4	14	644	0.881	
4	15	733	0.8463	
4	16	773	0.9475	
4	17	732	0.8887	
4	18	830	0.8394	
4	19	227	0.7742	
4	20	231	0.8975	
4	21	270	0.8299	
4	22	30	0.7985	
4	23	678	0.7954	
4	24	656	0.8134	
4	25	770	0.7915	
4	26	799	0.8465	
4	27	728	0.8984	
4	28	867	0.9144	
4	29	307	0.9508	
4	30	462	0.9357	
4	31	941	0.8666	
4	32	905	0.9443	
4	33	0	NA	
4	34	0	NA	
4	35	785	0.8823	
4	36	770	0.8991	
4	37	844	0.8675	
4	38	826	0.9181	
4	39	832	0.9248	
4	40	795	0.8673	
4	41	712	0.8786	
4	42	852	0.8796	
4	43	641	0.9147	
4	44	747	0.8863	
4	45	588	0.876	
4	46	849	0.8915	
4	47	688	0.9528	
4	48	1077	0.8853	
5	1	0	NA	
5	2	0	NA	
5	3	661	0.9316	
5	4	690	0.8801	
5	5	130	0.9618	
5	6	114	1.0481	
5	7	0	NA	
5	8	0	NA	
5	9	598	0.8641	
5	10	590	0.9067	
5	11	636	0.9356	
5	12	671	0.8704	
5	13	543	0.7917	
5	14	674	0.7944	
5	15	775	0.871	
5	16	738	0.8857	
5	17	566	0.8326	
5	18	534	0.9602	
5	19	322	0.9473	
5	20	435	0.8161	
5	21	593	0.8388	
5	22	638	0.8392	
5	23	455	0.7867	
5	24	607	0.9279	
5	25	596	0.8833	
5	26	555	0.9212	
5	27	639	0.952	
5	28	648	0.8929	
5	29	349	0.9501	
5	30	302	0.8638	
5	31	776	0.9104	
5	32	813	0.864	
5	33	563	0.8064	
5	34	463	0.9049	
5	35	722	0.9431	
5	36	703	0.8717	
5	37	102	1.0628	S
5	38	24	0.6152	
5	39	675	0.8539	
5	40	680	0.8945	
5	41	711	0.9561	
5	42	721	0.9108	
5	43	0	NA	
5	44	0	NA	
5	45	797	0.91	
5	46	792	0.8707	
5	47	1024	0.8939	
5	48	1057	0.8807	
6	1	0	NA	
6	2	0	NA	
6	3	809	0.9535	
6	4	351	0.9624	
6	5	207	0.9825	
6	6	188	1.0091	
6	7	0	NA	
6	8	0	NA	
6	9	706	0.8754	
6	10	640	0.918	
6	11	666	0.8956	
6	12	681	0.8747	
6	13	605	0.9014	
6	14	546	0.9548	
6	15	549	0.8547	
6	16	807	0.8458	
6	17	521	0.9368	
6	18	601	0.8684	
6	19	300	0.7119	
6	20	480	0.9191	
6	21	669	0.8256	
6	22	532	0.9433	
6	23	582	0.9479	
6	24	534	0.9414	
6	25	653	0.8632	
6	26	480	0.8346	
6	27	615	0.9575	
6	28	532	0.883	
6	29	505	0.987	
6	30	391	0.9878	
6	31	816	0.8552	
6	32	661	0.8264	
6	33	535	0.8178	
6	34	518	0.9446	
6	35	554	0.8787	
6	36	544	0.8825	
6	37	25	0.9805	
6	38	26	0.425	C
6	39	698	0.9117	
6	40	639	0.8347	
6	41	759	0.9259	
6	42	829	0.936	
6	43	0	NA	
6	44	0	NA	
6	45	809	0.8854	
6	46	326	0.8612	S
6	47	847	0.903	
6	48	1017	0.9091	
7	1	1049	0.9194	
7	2	1042	0.8885	
7	3	418	0.9191	
7	4	712	0.93	
7	5	668	0.8622	
7	6	677	0.9104	
7	7	709	0.942	
7	8	757	0.8195	
7	9	0	NA	
7	10	0	NA	
7	11	620	0.8738	
7	12	638	0.9152	
7	13	727	0.8394	
7	14	677	0.8994	
7	15	0	NA	
7	16	0	NA	
7	17	757	0.836	
7	18	759	0.9048	
7	19	759	0.9006	
7	20	760	0.7871	
7	21	781	0.8311	
7	22	662	0.9011	
7	23	699	0.9131	
7	24	749	0.8887	
7	25	702	0.9017	
7	26	801	0.9145	
7	27	538	0.8162	
7	28	397	0.8374	
7	29	629	0.9204	
7	30	624	0.8951	
7	31	719	0.8916	
7	32	829	0.8782	
7	33	646	0.9453	
7	34	691	0.8568	
7	35	698	0.9501	
7	36	707	0.8974	
7	37	682	0.933	
7	38	707	0.8201	
7	39	574	0.9527	
7	40	644	0.9424	
7	41	719	0.9127	
7	42	721	0.9531	
7	43	105	0.7861	S
7	44	0	NA	
7	45	867	0.9144	
7	46	878	0.9402	
7	47	881	0.9096	
7	48	1131	0.9004	
8	1	1016	0.921	
8	2	848	0.9281	
8	3	760	0.8581	
8	4	724	0.8631	
8	5	650	0.9048	
8	6	602	0.9548	
8	7	647	0.8915	
8	8	729	0.8552	
8	9	0	NA	
8	10	0	NA	
8	11	646	0.8409	
8	12	686	0.9385	
8	13	720	0.8855	
8	14	683	0.8816	
8	15	0	NA	
8	16	0	NA	
8	17	764	0.8792	
8	18	599	0.9156	
8	19	835	0.918	
8	20	664	0.8822	
8	21	824	0.892	
8	22	729	0.9101	
8	23	779	0.8894	
8	24	799	0.8784	
8	25	768	0.8443	
8	26	695	0.8971	
8	27	360	0.9871	
8	28	416	0.9164	
8	29	650	0.9067	
8	30	370	0.7307	
8	31	789	0.9514	
8	32	706	0.8389	
8	33	686	0.9114	
8	34	684	0.8653	
8	35	665	0.9052	
8	36	620	0.9528	
8	37	608	0.8525	
8	38	598	0.931	
8	39	646	0.8687	
8	40	629	0.9492	
8	41	632	0.9366	
8	42	779	0.9243	
8	43	6	0.5549	C
8	44	186	0.9334	S
8	45	823	0.887	
8	46	741	0.8058	
8	47	965	0.9239	
8	48	1123	0.8505	
9	1	1019	0.9559	
9	2	761	0.9436	
9	3	597	0.8627	
9	4	668	0.9252	
9	5	556	0.9354	
9	6	562	0.9032	
9	7	731	0.9324	
9	8	715	0.9229	
9	9	765	0.8874	
9	10	680	0.9418	
9	11	576	0.8518	
9	12	568	0.8974	
9	13	711	0.808	
9	14	674	0.9109	
9	15	440	0.8354	
9	16	459	0.8736	
9	17	656	0.8642	
9	18	766	0.9193	
9	19	10	0.3922	C
9	20	0	NA	
9	21	0	NA	
9	22	0	NA	
9	23	718	0.9492	
9	24	615	0.8776	
9	25	643	0.83	
9	26	657	0.8685	
9	27	247	0.9214	
9	28	418	0.8466	
9	29	693	0.7825	
9	30	626	0.8855	
9	31	320	0.8278	
9	32	265	0.8207	
9	33	707	0.9507	
9	34	799	0.7982	
9	35	480	0.9021	
9	36	500	0.9437	
9	37	692	0.9194	
9	38	659	0.8536	
9	39	573	0.9039	
9	40	620	0.912	
9	41	594	0.8964	
9	42	577	0.9397	
9	43	758	0.8793	
9	44	746	0.8752	
9	45	333	0.9624	
9	46	337	0.9569	
9	47	901	0.8589	
9	48	928	0.8582	
10	1	925	0.931	
10	2	774	0.908	
10	3	655	0.9514	
10	4	688	0.8776	
10	5	642	0.9161	
10	6	710	0.8907	
10	7	737	0.8745	
10	8	638	0.8653	
10	9	748	0.943	
10	10	672	0.9422	
10	11	601	0.9286	
10	12	582	0.9531	
10	13	716	0.8634	
10	14	782	0.8073	
10	15	588	0.892	
10	16	354	0.8595	
10	17	581	0.8502	
10	18	732	0.9337	
10	19	2	25.1327	
10	20	4	1.078	
10	21	1	Inf	
10	22	0	NA	
10	23	612	0.9528	
10	24	616	0.8901	
10	25	739	0.9271	
10	26	679	0.9177	
10	27	386	0.8872	
10	28	386	0.6407	
10	29	625	0.7906	
10	30	612	0.816	
10	31	57	0.9433	
10	32	421	0.6856	
10	33	850	0.7838	
10	34	777	0.8321	
10	35	482	0.6878	
10	36	631	0.8413	
10	37	679	0.6813	
10	38	655	0.8484	
10	39	561	0.9438	
10	40	545	0.98	
10	41	575	0.8789	
10	42	579	0.8473	
10	43	643	0.83	
10	44	710	0.9548	
10	45	301	0.8398	
10	46	328	0.965	
10	47	726	0.4559	C
10	48	957	0.8554	
11	1	886	0.9386	
11	2	744	0.949	
11	3	0	NA	
11	4	0	NA	
11	5	0	NA	
11	6	324	0.9675	
11	7	666	0.9338	
11	8	586	0.8843	
11	9	292	0.872	
11	10	532	0.883	
11	11	669	0.8635	
11	12	662	0.9215	
11	13	444	0.7203	
11	14	470	0.9322	
11	15	706	0.8125	
11	16	696	0.8878	
11	17	614	0.8117	
11	18	623	0.8236	
11	19	786	0.8834	
11	20	772	0.9417	
11	21	780	0.9255	
11	22	678	0.9342	
11	23	784	0.8715	
11	24	695	0.8971	
11	25	556	0.9177	
11	26	729	0.6979	
11	27	696	0.8984	
11	28	688	0.8421	
11	29	628	0.8038	
11	30	575	0.8612	
11	31	636	0.8006	
11	32	654	0.909	
11	33	425	0.8814	
11	34	370	0.8317	
11	35	693	0.9319	
11	36	757	0.8045	
11	37	0	NA	
11	38	0	NA	
11	39	736	0.8537	
11	40	746	0.9423	
11	41	716	0.9628	
11	42	711	0.9177	
11	43	470	0.9131	
11	44	508	0.9531	
11	45	675	0.8817	
11	46	601	0.948	
11	47	931	0.9177	
11	48	1013	0.9368	
12	1	899	0.8915	
12	2	690	0.9392	
12	3	0	NA	
12	4	0	NA	
12	5	0	NA	
12	6	0	NA	
12	7	575	0.912	
12	8	600	0.8715	
12	9	439	0.8707	
12	10	336	0.8991	
12	11	807	0.8832	
12	12	613	0.8904	
12	13	514	0.9759	
12	14	597	0.8126	
12	15	718	0.886	
12	16	602	0.7864	
12	17	720	0.8885	
12	18	646	0.8947	
12	19	713	0.8756	
12	20	739	0.8	
12	21	760	0.8946	
12	22	735	0.8018	
12	23	737	0.7749	
12	24	734	0.8276	
12	25	666	0.87	
12	26	698	0.6391	
12	27	651	0.883	
12	28	708	0.8469	
12	29	587	0.8059	
12	30	670	0.8434	
12	31	688	0.7482	
12	32	654	0.6919	
12	33	388	0.9576	
12	34	352	0.9821	
12	35	746	0.7091	
12	36	767	0.5633	C
12	37	0	NA	
12	38	4	1.078	
12	39	834	0.6665	
12	40	731	0.8674	
12	41	863	0.9143	
12	42	918	0.5812	C
12	43	599	0.9449	
12	44	605	0.9419	
12	45	505	0.9396	
12	46	784	0.8715	
12	47	937	0.707	
12	48	815	0.941	
13	1	903	0.8955	
13	2	886	0.9488	
13	3	680	0.8632	
13	4	564	0.9236	
13	5	747	0.8965	
13	6	683	0.8966	
13	7	501	0.8476	
13	8	546	0.8823	
13	9	682	0.9061	
13	10	614	0.8762	
13	11	253	0.9174	
13	12	263	0.7795	
13	13	751	0.8983	
13	14	727	0.8489	
13	15	502	0.9154	
13	16	440	0.7504	
13	17	622	0.6807	
13	18	588	0.8348	
13	19	153	0.4238	C
13	20	87	1.0582	
13	21	616	0.8981	
13	22	535	0.7194	
13	23	587	0.5451	C
13	24	605	0.9298	
13	25	178	0.6546	
13	26	182	0.8581	
13	27	587	0.7962	
13	28	616	0.8355	
13	29	614	0.9148	
13	30	637	0.9613	
13	31	643	0.9409	
13	32	518	0.9314	
13	33	524	0.7907	
13	34	494	0.9655	
13	35	687	0.8868	
13	36	686	0.9619	
13	37	0	NA	
13	38	0	NA	
13	39	572	0.9023	
13	40	579	0.961	
13	41	253	0.983	
13	42	295	0.9307	
13	43	401	0.9073	
13	44	509	0.9607	
13	45	679	0.9521	
13	46	669	0.9152	
13	47	316	0.8603	
13	48	888	0.951	
14	1	771	0.9514	
14	2	774	0.9038	
14	3	630	0.8036	
14	4	690	0.9122	
14	5	779	0.9243	
14	6	701	0.9281	
14	7	489	0.9098	
14	8	510	0.8628	
14	9	520	0.9538	
14	10	445	0.888	
14	11	362	0.8789	
14	12	52	0.8983	
14	13	844	0.9079	
14	14	831	0.6572	
14	15	508	0.8319	
14	16	510	0.6496	
14	17	645	0.717	
14	18	708	0.5711	C
14	19	192	0.5721	C
14	20	217	0.5895	C
14	21	550	0.7184	
14	22	525	0.5175	C
14	23	600	0.6546	
14	24	699	0.94	
14	25	176	0.9821	
14	26	195	0.7361	
14	27	757	0.874	
14	28	651	0.9324	
14	29	665	0.9163	
14	30	727	0.6771	
14	31	561	0.9016	
14	32	609	0.626	
14	33	488	0.8603	
14	34	734	0.9058	
14	35	645	0.932	
14	36	723	0.9606	
14	37	2	25.1327	
14	38	0	NA	
14	39	624	0.897	
14	40	447	0.9471	
14	41	252	0.9791	
14	42	171	0.9087	
14	43	503	0.9358	
14	44	516	0.9544	
14	45	725	0.947	
14	46	715	0.8294	
14	47	709	0.9534	
14	48	901	0.9402	
15	1	954	0.9172	
15	2	798	0.9318	
15	3	502	0.934	
15	4	584	0.9386	
15	5	725	0.9312	
15	6	670	0.912	
15	7	1079	0.9327	
15	8	951	0.8974	
15	9	751	0.958	
15	10	755	0.9362	
15	11	349	0.8204	
15	12	373	0.9206	
15	13	579	0.8048	
15	14	640	0.6347	
15	15	398	0.9508	
15	16	425	0.9261	
15	17	614	0.5033	C
15	18	537	0.5248	C
15	19	539	0.4979	C
15	20	485	0.497	C
15	21	582	0.5515	C
15	22	578	0.5188	C
15	23	630	0.6456	
15	24	610	0.9497	
15	25	290	0.9394	
15	26	218	0.938	
15	27	599	0.95	
15	28	545	0.9476	
15	29	534	0.9414	
15	30	551	0.9526	
15	31	590	0.9067	
15	32	560	0.9737	
15	33	608	0.9344	
15	34	511	0.9507	
15	35	621	0.9087	
15	36	612	0.9118	
15	37	181	0.9855	
15	38	375	0.9255	
15	39	671	0.8661	
15	40	744	0.9603	
15	41	0	NA	
15	42	0	NA	
15	43	0	NA	
15	44	0	NA	
15	45	713	0.9158	
15	46	710	0.9012	
15	47	1067	0.9098	
15	48	1119	0.9112	
16	1	894	0.923	
16	2	690	0.9167	
16	3	841	0.9104	
16	4	747	0.9112	
16	5	707	0.9346	
16	6	723	0.9332	
16	7	980	0.9422	
16	8	201	0.912	
16	9	818	0.8445	
16	10	786	0.8777	
16	11	135	0.8299	
16	12	452	0.9433	
16	13	620	0.6041	
16	14	647	0.9468	
16	15	453	0.9175	
16	16	541	0.5656	C
16	17	695	0.6025	
16	18	602	0.4811	C
16	19	536	0.4552	C
16	20	543	0.4986	C
16	21	342	0.971	
16	22	611	0.7368	
16	23	625	0.9605	
16	24	645	0.9204	
16	25	289	0.988	
16	26	30	1.2576	
16	27	516	0.9278	
16	28	551	0.8739	
16	29	414	0.9162	
16	30	473	0.9057	
16	31	599	0.9326	
16	32	532	0.9701	
16	33	524	0.9692	
16	34	550	0.9752	
16	35	608	0.9224	
16	36	660	0.8875	
16	37	382	0.9275	
16	38	155	0.8525	
16	39	805	0.9191	
16	40	618	0.9622	
16	41	1	Inf	
16	42	3	3.2341	
16	43	0	NA	
16	44	0	NA	
16	45	655	0.9416	
16	46	741	0.846	
16	47	708	0.9094	
16	48	667	0.9144	
17	1	429	0.9348	
17	2	358	0.958	
17	3	438	0.9198	
17	4	94	0.9526	
17	5	0	NA	
17	6	0	NA	
17	7	711	0.8963	
17	8	526	0.9327	
17	9	0	NA	
17	10	0	NA	
17	11	737	0.9139	
17	12	650	0.9512	
17	13	23	0.6027	
17	14	24	0.4332	C
17	15	8	0.5528	C
17	16	17	0.7331	
17	17	366	0.8744	
17	18	368	0.8272	
17	19	720	0.559	C
17	20	736	0.605	
17	21	703	0.5545	C
17	22	651	0.9576	
17	23	676	0.6927	
17	24	638	0.8836	
17	25	654	0.917	
17	26	801	0.721	
17	27	643	0.958	
17	28	639	0.952	
17	29	633	0.9728	
17	30	657	0.9212	
17	31	699	0.9515	
17	32	695	0.9188	
17	33	690	0.9556	
17	34	775	0.9454	
17	35	4	1.078	
17	36	2	25.1327	
17	37	728	0.9509	
17	38	731	0.9549	
17	39	190	0.9997	
17	40	161	1.027	
17	41	856	0.9515	
17	42	871	0.9089	
17	43	768	0.9261	
17	44	741	0.9188	
17	45	761	0.8553	
17	46	731	0.8308	
17	47	930	0.9167	
17	48	1041	0.9398	
18	1	691	0.8875	
18	2	283	0.9167	
18	3	214	0.9208	
18	4	241	0.8915	
18	5	0	NA	
18	6	0	NA	
18	7	634	0.9446	
18	8	582	0.9353	
18	9	0	NA	
18	10	2	25.1327	
18	11	604	0.9528	
18	12	711	0.9177	
18	13	22	0.5765	C
18	14	19	0.6401	
18	15	78	0.7013	
18	16	475	0.915	
18	17	511	0.8764	
18	18	409	0.5941	C
18	19	762	0.9449	
18	20	731	0.5431	C
18	21	662	0.9168	
18	22	542	0.9611	
18	23	672	0.8778	
18	24	704	0.9631	
18	25	653	0.9044	
18	26	609	0.9482	
18	27	644	0.9473	
18	28	568	0.9128	
18	29	568	0.9128	
18	30	613	0.9085	
18	31	623	0.889	
18	32	688	0.888	
18	33	671	0.9293	
18	34	796	0.9338	
18	35	5	0.7355	
18	36	3	3.2341	
18	37	706	0.9494	
18	38	730	0.9158	
18	39	715	0.9615	
18	40	26	0.8983	
18	41	833	0.9405	
18	42	728	0.9509	
18	43	762	0.9189	
18	44	661	0.8532	
18	45	725	0.947	
18	46	750	0.952	
18	47	906	0.5131	C
18	48	1015	0.8538	
19	1	806	0.9202	
19	2	806	0.9456	
19	3	193	0.7544	
19	4	466	0.9438	
19	5	115	0.7393	
19	6	84	0.5876	C
19	7	702	0.9215	
19	8	477	0.9188	
19	9	643	0.9176	
19	10	736	0.9343	
19	11	549	0.9416	
19	12	705	0.91	
19	13	647	0.9468	
19	14	636	0.919	
19	15	622	0.9267	
19	16	662	0.9168	
19	17	643	0.9062	
19	18	505	0.9209	
19	19	697	0.9373	
19	20	679	0.9521	
19	21	402	0.924	
19	22	390	0.8766	
19	23	652	0.8662	
19	24	602	0.8744	
19	25	91	0.8557	
19	26	62	0.6371	
19	27	722	0.9319	
19	28	654	0.9058	
19	29	538	0.8376	
19	30	533	0.9397	
19	31	614	0.8609	
19	32	518	0.9132	
19	33	585	0.958	
19	34	582	0.966	
19	35	634	0.9446	
19	36	585	0.9527	
19	37	295	0.9482	
19	38	259	1.015	
19	39	672	0.971	
19	40	743	0.959	
19	41	421	0.8655	
19	42	478	0.9681	
19	43	25	0.7486	
19	44	21	0.9055	
19	45	667	0.9688	
19	46	607	0.945	
19	47	840	0.507	C
19	48	975	0.8715	
20	1	827	0.7572	
20	2	922	0.9088	
20	3	479	0.904	
20	4	71	0.7126	
20	5	399	0.9171	
20	6	109	0.9711	
20	7	555	0.9212	
20	8	495	0.8777	
20	9	672	0.9037	
20	10	697	0.9326	
20	11	565	0.9253	
20	12	569	0.9144	
20	13	589	0.9342	
20	14	567	0.9724	
20	15	551	0.8468	
20	16	654	0.945	
20	17	582	0.9061	
20	18	744	0.8534	
20	19	674	0.8497	
20	20	644	0.9424	
20	21	391	0.852	
20	22	411	0.9299	
20	23	555	0.9089	
20	24	669	0.8635	
20	25	94	0.9343	
20	26	66	0.6206	
20	27	682	0.9612	
20	28	630	0.9507	
20	29	468	0.9621	
20	30	602	0.9202	
20	31	518	0.9581	
20	32	551	0.9581	
20	33	507	0.9766	
20	34	622	0.9386	
20	35	696	0.9639	
20	36	626	0.9326	
20	37	136	0.8811	
20	38	347	0.9286	
20	39	722	0.9319	
20	40	636	0.9475	
20	41	460	0.9179	
20	42	505	0.9728	
20	43	25	0.7192	
20	44	28	1.0297	
20	45	708	0.9139	
20	46	710	0.8302	
20	47	894	0.9329	
20	48	1074	0.8393	
21	1	957	0.9392	
21	2	688	0.9365	
21	3	649	0.91	
21	4	597	0.9175	
21	5	709	0.9152	
21	6	1016	0.9491	
21	7	9	1.2128	
21	8	7	0.4443	C
21	9	677	0.9262	
21	10	746	0.8893	
21	11	681	0.9432	
21	12	739	0.9539	
21	13	1	Inf	
21	14	3	3.2341	
21	15	851	0.5061	C
21	16	777	0.518	C
21	17	630	0.8944	
21	18	673	0.8585	
21	19	257	0.9319	
21	20	126	0.8814	
21	21	566	0.9522	
21	22	539	0.9244	
21	23	598	0.9484	
21	24	682	0.9283	
21	25	634	0.8423	
21	26	674	0.945	
21	27	589	0.9466	
21	28	609	0.9359	
21	29	392	0.901	
21	30	375	0.9474	
21	31	687	0.9515	
21	32	633	0.9147	
21	33	206	0.9261	
21	34	283	0.9865	
21	35	620	0.9237	
21	36	663	0.8221	
21	37	490	0.9719	
21	38	675	0.9632	
21	39	462	0.9498	
21	40	752	0.8965	
21	41	677	0.9104	
21	42	756	0.9073	
21	43	677	0.8843	
21	44	593	0.9583	
21	45	549	0.9236	
21	46	649	0.8295	
21	47	1080	0.3733	C
21	48	1075	0.9166	
22	1	1015	0.9387	
22	2	847	0.9415	
22	3	647	0.9349	
22	4	671	0.918	
22	5	622	0.8721	
22	6	732	0.9562	
22	7	4	2.5797	
22	8	1	Inf	
22	9	743	0.896	
22	10	778	0.8883	
22	11	710	0.9548	
22	12	918	0.849	
22	13	1	Inf	
22	14	7	0.3873	C
22	15	914	0.4609	C
22	16	800	0.8795	
22	17	693	0.9598	
22	18	652	0.8416	
22	19	106	0.719	
22	20	159	0.7979	
22	21	631	0.8739	
22	22	607	0.8882	
22	23	640	0.8909	
22	24	530	0.9268	
22	25	531	0.9548	
22	26	560	0.9421	
22	27	595	0.9744	
22	28	573	0.9511	
22	29	399	0.9532	
22	30	409	0.9551	
22	31	743	0.9478	
22	32	651	0.9576	
22	33	79	0.8516	
22	34	227	0.9195	
22	35	663	0.866	
22	36	646	0.9624	
22	37	288	0.9086	
22	38	560	0.9421	
22	39	579	0.9183	
22	40	618	0.9497	
22	41	711	0.9025	
22	42	798	0.9111	
22	43	771	0.945	
22	44	500	0.8111	
22	45	726	0.8517	
22	46	776	0.8762	
22	47	974	0.5535	C
22	48	942	0.915	
23	1	714	0.9486	
23	2	685	0.9654	
23	3	402	0.924	
23	4	591	0.9251	
23	5	349	0.9569	
23	6	553	0.9006	
23	7	489	0.9558	
23	8	503	0.9097	
23	9	370	0.8984	
23	10	402	0.9388	
23	11	0	NA	
23	12	0	NA	
23	13	562	0.9153	
23	14	207	0.8717	
23	15	594	0.9421	
23	16	715	0.9014	
23	17	100	0.8172	
23	18	109	0.9296	
23	19	517	0.9619	
23	20	576	0.8006	
23	21	577	0.8488	
23	22	688	0.8531	
23	23	596	0.9453	
23	24	561	0.9311	
23	25	607	0.9209	
23	26	629	0.9089	
23	27	544	0.933	
23	28	570	0.9589	
23	29	515	0.9582	
23	30	524	0.9556	
23	31	643	0.8937	
23	32	709	0.9152	
23	33	639	0.8593	
23	34	690	0.8801	
23	35	663	0.7995	
23	36	656	0.9198	
23	37	514	0.9701	
23	38	550	0.8194	
23	39	3	3.2341	
23	40	10	0.9248	
23	41	621	0.8862	
23	42	643	0.9176	
23	43	588	0.9326	
23	44	477	0.8577	
23	45	535	0.9051	
23	46	642	0.9277	
23	47	51	0.8591	
23	48	822	0.9281	
24	1	867	0.6559	
24	2	544	0.933	
24	3	350	0.858	
24	4	447	0.9531	
24	5	682	0.8803	
24	6	585	0.9059	
24	7	384	0.9324	
24	8	422	0.9195	
24	9	313	0.9518	
24	10	607	0.8996	
24	11	4	1.4797	
24	12	2	Inf	
24	13	119	0.9557	
24	14	256	0.947	
24	15	512	0.9027	
24	16	538	0.8694	
24	17	100	0.8529	
24	18	110	0.8004	
24	19	555	0.8919	
24	20	556	0.9354	
24	21	530	0.9216	
24	22	611	0.9103	
24	23	619	0.9341	
24	24	635	0.8687	
24	25	620	0.9653	
24	26	605	0.9595	
24	27	588	0.9326	
24	28	682	0.6326	
24	29	432	0.9072	
24	30	481	0.921	
24	31	610	0.9622	
24	32	600	0.9221	
24	33	722	0.921	
24	34	661	0.9268	
24	35	712	0.9459	
24	36	516	0.885	
24	37	658	0.9424	
24	38	724	0.7531	
24	39	16	0.8852	
24	40	18	1.3239	
24	41	738	0.9151	
24	42	680	0.9704	
24	43	537	0.9522	
24	44	632	0.9297	
24	45	744	0.887	
24	46	780	0.9133	
24	47	38	0.8786	
24	48	56	1.1738	
25	1	967	0.6779	
25	2	703	0.9618	
25	3	493	0.9305	
25	4	644	0.9595	
25	5	2	25.1327	
25	6	0	NA	
25	7	612	0.9285	
25	8	698	0.9386	
25	9	578	0.8999	
25	10	602	0.8856	
25	11	739	0.7054	
25	12	822	0.4312	C
25	13	193	0.8677	
25	14	41	1.0191	
25	15	776	0.3374	C
25	16	695	0.4501	C
25	17	734	0.8954	
25	18	773	0.4781	C
25	19	640	0.9709	
25	20	583	0.648	
25	21	587	0.9434	
25	22	553	0.9179	
25	23	516	0.96	
25	24	470	0.9662	
25	25	504	0.8644	
25	26	576	0.956	
25	27	474	0.96	
25	28	496	0.9554	
25	29	545	0.9046	
25	30	593	0.7465	
25	31	600	0.726	
25	32	708	0.8737	
25	33	23	0.9271	
25	34	23	0.8458	
25	35	688	0.9528	
25	36	641	0.9214	
25	37	434	0.879	
25	38	677	0.8843	
25	39	635	0.8643	
25	40	700	0.9413	
25	41	1	Inf	
25	42	3	3.2341	
25	43	766	0.961	
25	44	622	0.8922	
25	45	636	0.9076	
25	46	764	0.8666	
25	47	850	0.8776	
25	48	1011	0.935	
26	1	886	0.9488	
26	2	803	0.8057	
26	3	556	0.8284	
26	4	667	0.9079	
26	5	238	0.9523	
26	6	199	0.7732	
26	7	626	0.962	
26	8	519	0.9656	
26	9	635	0.9511	
26	10	657	0.9375	
26	11	677	0.9376	
26	12	714	0.6401	
26	13	61	1.0538	
26	14	406	0.9126	
26	15	784	0.9346	
26	16	599	0.9449	
26	17	791	0.396	C
26	18	691	0.9071	
26	19	595	0.6541	
26	20	675	0.6002	
26	21	605	0.9178	
26	22	625	0.684	
26	23	663	0.6773	
26	24	603	0.9616	
26	25	585	0.6701	
26	26	602	0.8969	
26	27	478	0.9539	
26	28	461	0.6686	
26	29	585	0.9228	
26	30	588	0.892	
26	31	599	0.777	
26	32	720	0.9248	
26	33	24	1.0349	
26	34	18	0.9227	
26	35	765	0.93	
26	36	668	0.9139	
26	37	592	0.9641	
26	38	620	0.9391	
26	39	665	0.949	
26	40	724	0.8832	
26	41	15	1.1033	
26	42	18	1.078	
26	43	777	0.8971	
26	44	676	0.941	
26	45	683	0.9391	
26	46	774	0.8907	
26	47	758	0.9354	
26	48	1068	0.9232	
27	1	757	0.9497	
27	2	755	0.921	
27	3	767	0.9356	
27	4	633	0.9381	
27	5	657	0.9543	
27	6	580	0.9627	
27	7	635	0.9759	
27	8	694	0.9065	
27	9	566	0.9522	
27	10	520	0.9675	
27	11	445	0.9148	
27	12	428	0.9683	
27	13	886	0.4502	C
27	14	766	0.5685	C
27	15	0	NA	
27	16	3	3.2341	
27	17	710	0.8907	
27	18	628	0.8078	
27	19	614	0.6978	
27	20	630	0.8299	
27	21	641	0.938	
27	22	597	0.264	C
27	23	689	0.7459	
27	24	576	0.7373	
27	25	601	0.6939	
27	26	645	0.7202	
27	27	615	0.827	
27	28	589	0.848	
27	29	14	1.2947	
27	30	21	1.2577	
27	31	647	0.6772	
27	32	714	0.4494	C
27	33	612	0.6386	
27	34	654	0.8342	
27	35	389	0.9666	
27	36	406	0.9699	
27	37	547	0.7304	
27	38	496	0.9694	
27	39	671	0.9457	
27	40	625	0.7598	
27	41	623	0.878	
27	42	620	0.912	
27	43	403	0.9411	
27	44	441	0.8137	
27	45	614	0.8872	
27	46	734	0.8514	
27	47	735	0.8107	
27	48	959	0.878	
28	1	1112	0.9177	
28	2	646	0.7237	
28	3	674	0.945	
28	4	569	0.9318	
28	5	617	0.6342	
28	6	630	0.5068	C
28	7	506	0.9689	
28	8	664	0.8778	
28	9	549	0.9416	
28	10	814	0.74	
28	11	525	0.9574	
28	12	360	0.9095	
28	13	721	0.8753	
28	14	702	0.9604	
28	15	8	0.7398	
28	16	6	0.5549	C
28	17	839	0.5018	C
28	18	717	0.8746	
28	19	738	0.9002	
28	20	647	0.9185	
28	21	672	0.2797	C
28	22	676	0.2498	C
28	23	720	0.8653	
28	24	665	0.7392	
28	25	612	0.9118	
28	26	659	0.9094	
28	27	621	0.3486	C
28	28	604	0.8513	
28	29	29	1.047	
28	30	23	0.9271	
28	31	678	0.8465	
28	32	653	0.4839	C
28	33	738	0.5097	C
28	34	628	0.6873	
28	35	406	0.4912	C
28	36	475	0.5182	C
28	37	523	0.8848	
28	38	465	0.8957	
28	39	611	0.9691	
28	40	719	0.8916	
28	41	516	0.9465	
28	42	657	0.9146	
28	43	542	0.76	
28	44	484	0.9323	
28	45	626	0.9277	
28	46	722	0.9592	
28	47	762	0.934	
28	48	1038	0.9061	
29	1	168	0.4367	C
29	2	623	0.9117	
29	3	633	0.9312	
29	4	432	0.8881	
29	5	897	0.449	C
29	6	730	0.4478	C
29	7	513	0.863	
29	8	553	0.3182	C
29	9	345	0.2182	C
29	10	417	0.9803	
29	11	0	NA	
29	12	0	NA	
29	13	0	NA	
29	14	1	Inf	
29	15	148	0.996	
29	16	422	0.554	C
29	17	869	0.4486	C
29	18	672	0.959	
29	19	8	0.4192	C
29	20	11	0.2088	C
29	21	761	0.3264	C
29	22	721	0.3019	C
29	23	676	0.8769	
29	24	667	0.4409	C
29	25	729	0.2699	C
29	26	694	0.3564	C
29	27	721	0.2497	C
29	28	743	0.3787	C
29	29	706	0.4271	C
29	30	845	0.4024	C
29	31	687	0.5137	C
29	32	720	0.4484	C
29	33	852	0.4046	C
29	34	806	0.3827	C
29	35	332	0.6303	
29	36	569	0.4825	C
29	37	562	0.9204	
29	38	623	0.8378	
29	39	458	0.9618	
29	40	558	0.957	
29	41	595	0.6059	
29	42	678	0.8751	
29	43	698	0.6982	
29	44	637	0.8058	
29	45	728	0.8378	
29	46	800	0.9537	
29	47	786	0.8974	
29	48	1014	0.9027	
30	1	1105	0.5686	C
30	2	584	0.9693	
30	3	752	0.9389	
30	4	709	0.8852	
30	5	840	0.4643	C
30	6	666	0.4777	C
30	7	503	0.9689	
30	8	560	0.2931	C
30	9	703	0.4484	C
30	10	400	0.905	
30	11	37	0.1809	C
30	12	33	0.5173	C
30	13	24	0.1706	C
30	14	83	0.1262	C
30	15	488	0.3599	C
30	16	364	0.2634	C
30	17	768	0.8378	
30	18	896	0.9349	
30	19	33	0.2564	C
30	20	66	0.1109	C
30	21	800	0.3699	C
30	22	780	0.3378	C
30	23	856	0.4089	C
30	24	821	0.3608	C
30	25	757	0.9234	
30	26	841	0.4949	C
30	27	769	0.3201	C
30	28	737	0.3155	C
30	29	802	0.3953	C
30	30	829	0.3382	C
30	31	744	0.496	C
30	32	895	0.4461	C
30	33	762	0.9449	
30	34	561	0.9401	
30	35	348	0.433	C
30	36	450	0.3689	C
30	37	766	0.5457	C
30	38	673	0.9604	
30	39	576	0.9136	
30	40	695	0.8865	
30	41	862	0.8967	
30	42	784	0.8993	
30	43	830	0.6529	
30	44	637	0.9321	
30	45	823	0.9148	
30	46	821	0.8792	
30	47	849	0.8994	
30	48	1004	0.9418	
31	1	1337	0.865	
31	2	939	0.371	C
31	3	0	NA	
31	4	0	NA	
31	5	778	0.594	C
31	6	1151	0.6032	
31	7	695	0.4915	C
31	8	775	0.5408	C
31	9	455	0.6459	
31	10	407	0.3619	C
31	11	1096	0.5515	C
31	12	986	0.5816	C
31	13	887	0.5486	C
31	14	952	0.5888	C
31	15	806	0.5447	C
31	16	863	0.5233	C
31	17	168	0.971	
31	18	219	0.455	C
31	19	854	0.4736	C
31	20	896	0.4258	C
31	21	684	0.3234	C
31	22	696	0.3796	C
31	23	704	0.3034	C
31	24	747	0.3532	C
31	25	284	0.2078	C
31	26	368	0.2084	C
31	27	882	0.3637	C
31	28	906	0.3036	C
31	29	845	0.3467	C
31	30	814	0.3653	C
31	31	758	0.348	C
31	32	825	0.4951	C
31	33	271	1.0025	
31	34	71	0.4412	C
31	35	562	0.5167	C
31	36	487	0.6361	
31	37	884	0.8209	
31	38	790	0.902	
31	39	869	0.88	
31	40	846	0.8552	
31	41	29	0.4601	C
31	42	19	0.7452	
31	43	981	0.8882	
31	44	686	0.9501	
31	45	412	0.7964	S
31	46	698	0.9501	
31	47	896	0.7898	
31	48	926	0.9183	
32	1	1172	0.9006	
32	2	1209	0.8402	
32	3	0	NA	
32	4	0	NA	
32	5	1466	0.9045	
32	6	1059	0.9271	
32	7	858	0.9537	
32	8	989	0.6352	
32	9	489	0.9045	
32	10	503	0.9493	
32	11	1142	0.9177	
32	12	1148	0.9385	
32	13	1111	0.9169	
32	14	1055	0.7939	
32	15	957	0.949	
32	16	1137	0.9383	
32	17	298	0.488	C
32	18	305	0.9622	
32	19	1087	0.918	
32	20	1168	0.8733	
32	21	1039	0.5479	C
32	22	880	0.9183	
32	23	970	0.9286	
32	24	800	0.9033	
32	25	393	0.97	
32	26	466	0.9299	
32	27	1175	0.8819	
32	28	1011	0.9389	
32	29	1138	0.9392	
32	30	1093	0.8817	
32	31	1122	0.9086	
32	32	1066	0.9215	
32	33	101	0.9716	
32	34	228	0.405	S,C
32	35	647	0.8961	
32	36	563	0.7758	
32	37	1148	0.9089	
32	38	1103	0.9315	
32	39	1083	0.8575	
32	40	1107	0.833	
32	41	54	0.8718	
32	42	70	0.8008	
32	43	1073	0.5353	C
32	44	985	0.6326	
32	45	754	0.8845	
32	46	790	0.9418	
32	47	1058	0.9146	
32	48	1265	0.9059	
